1
3768
4763
5778
7349

2
3768
4763
7282
8847

3
3768
4763
8735
10278

4
3768
4763
10175
11712

5
3768
4763
11670
13235

6
3768
4763
13127
14657

7
3768
4763
14607
16129

8
3768
4763
15991
17541

11
3790
2795
6928
8672

12
3790
2795
8632
10425

13
3790
2795
10344
12125

14
3790
2795
12100
13890

15
3790
2795
13784
15567

21
2828
1841
7920
10175

22
2828
1841
10200
12350

23
2828
1841
12342
14478

31
4734
5736
5781
7250

32
4734
5736
7178
8648

33
4734
5736
8580
10051

34
4734
5736
9959
11432

35
4734
5736
11366
12837

36
4734
5736
12766
14236

37
4734
5736
14174
15645

38
4734
5736
15618
17088

41
5732
6736
7218
8733

42
5732
6736
8651
10159

43
5732
6736
10102
11613

44
5732
6736
11549
13065

45
5732
6736
12995
14490

46
5732
6736
14409
15930

47
5732
6736
15905
17421

51
6734
7749
8653
10348

52
6734
7749
10286
12010

53
6734
7749
12007
13725

54
6734
7749
13658
15372

55
6734
7749
15358
17496

61
7394
8395
8608
10550

62
7394
8395
10489
12412

63
7394
8395
12366
14283

64
7394
8395
14256
16203

65
7394
8395
16092
18079

