 3.92290000000000E+0001
 3.69180000000000E+0001
 3.46050000000000E+0001
 1.85800000000000E+0001
 2.41100000000000E+0000
 2.74900000000000E+0000
 3.13000000000000E+0000
 1.71050000000000E+0001
 3.10980000000000E+0001
 2.26510000000000E+0001
 1.41800000000000E+0001
 1.33890000000000E+0001
 1.18720000000000E+0001
 1.61760000000000E+0001
 1.32750000000000E+0001
 1.03560000000000E+0001
 8.18700000000000E+0000
 6.01800000000000E+0000
 5.24600000000000E+0000
 4.49300000000000E+0000
 4.34100000000000E+0000
 4.19400000000000E+0000
 4.18500000000000E+0000
 4.17700000000000E+0000
 3.97600000000000E+0000
 3.77200000000000E+0000
 3.86900000000000E+0000
 4.06600000000000E+0000
 3.88000000000000E+0000
 3.92900000000000E+0000
 3.97900000000000E+0000
 4.08000000000000E+0000
 4.18000000000000E+0000
 3.85700000000000E+0000
 3.53200000000000E+0000
 3.40800000000000E+0000
 3.28400000000000E+0000
 3.17200000000000E+0000
 3.06300000000000E+0000
 3.20500000000000E+0000
 3.34500000000000E+0000
 3.36100000000000E+0000
 3.37400000000000E+0000
 3.23100000000000E+0000
 2.95600000000000E+0000
 3.13700000000000E+0000
 3.06600000000000E+0000
 2.99200000000000E+0000
 3.01100000000000E+0000
 3.03000000000000E+0000
 3.01100000000000E+0000
 2.99200000000000E+0000
 3.05000000000000E+0000
 3.10900000000000E+0000
 3.19300000000000E+0000
 3.27700000000000E+0000
 3.14200000000000E+0000
 3.00800000000000E+0000
 3.10500000000000E+0000
 3.20200000000000E+0000
 3.26700000000000E+0000
 3.32900000000000E+0000
 3.19100000000000E+0000
 2.91700000000000E+0000
 2.84300000000000E+0000
 2.92900000000000E+0000
 3.01300000000000E+0000
 2.94600000000000E+0000
 2.87800000000000E+0000
 2.78500000000000E+0000
 2.68800000000000E+0000
 3.06100000000000E+0000
 3.44100000000000E+0000
 3.07700000000000E+0000
 2.70500000000000E+0000
 2.85600000000000E+0000
 3.01100000000000E+0000
 2.87900000000000E+0000
 2.74600000000000E+0000
 2.81300000000000E+0000
 2.88100000000000E+0000
 2.85300000000000E+0000
 2.80000000000000E+0000
 3.18800000000000E+0000
 3.19700000000000E+0000
 3.20600000000000E+0000
 3.18300000000000E+0000
 3.16100000000000E+0000
 3.16000000000000E+0000
 3.15800000000000E+0000
 3.15400000000000E+0000
 3.14800000000000E+0000
 2.99500000000000E+0000
 2.84400000000000E+0000
 2.84000000000000E+0000
 2.83500000000000E+0000
 2.76700000000000E+0000
 2.69900000000000E+0000
 2.80100000000000E+0000
 2.90500000000000E+0000
 2.82200000000000E+0000
 2.73800000000000E+0000
 2.74900000000000E+0000
 2.77200000000000E+0000
 2.82700000000000E+0000
 2.82300000000000E+0000
 2.81800000000000E+0000
 2.86000000000000E+0000
 2.90200000000000E+0000
 2.77300000000000E+0000
 2.64700000000000E+0000
 2.82600000000000E+0000
 3.00400000000000E+0000
 2.96400000000000E+0000
 2.92400000000000E+0000
 2.92500000000000E+0000
 2.92800000000000E+0000
 3.09300000000000E+0000
 3.25400000000000E+0000
 3.15600000000000E+0000
 2.95600000000000E+0000
 3.27400000000000E+0000
 3.11800000000000E+0000
 2.95700000000000E+0000
 3.13800000000000E+0000
 3.32300000000000E+0000
 3.29300000000000E+0000
 3.26200000000000E+0000
 3.24700000000000E+0000
 3.23300000000000E+0000
 3.25600000000000E+0000
 3.28000000000000E+0000
 3.31200000000000E+0000
 3.37100000000000E+0000
 3.15800000000000E+0000
 2.94900000000000E+0000
 3.07000000000000E+0000
 3.30600000000000E+0000
 2.92000000000000E+0000
 2.91900000000000E+0000
 2.91800000000000E+0000
 2.98300000000000E+0000
 3.04500000000000E+0000
 2.87300000000000E+0000
 2.70500000000000E+0000
 2.86500000000000E+0000
 3.03000000000000E+0000
 3.01100000000000E+0000
 2.99100000000000E+0000
 2.86700000000000E+0000
 2.74100000000000E+0000
 2.83400000000000E+0000
 2.92800000000000E+0000
 2.93400000000000E+0000
 2.93900000000000E+0000
 2.98100000000000E+0000
 3.06200000000000E+0000
 2.57300000000000E+0000
 2.54300000000000E+0000
 2.51400000000000E+0000
 2.80600000000000E+0000
 3.09700000000000E+0000
 2.83000000000000E+0000
 2.56300000000000E+0000
 2.60000000000000E+0000
 2.63800000000000E+0000
 2.77300000000000E+0000
 2.90600000000000E+0000
 2.85500000000000E+0000
 2.80600000000000E+0000
 2.78900000000000E+0000
 2.77300000000000E+0000
 2.76500000000000E+0000
 2.75800000000000E+0000
 2.75300000000000E+0000
 2.74900000000000E+0000
 2.85600000000000E+0000
 3.07200000000000E+0000
 2.83300000000000E+0000
 2.83500000000000E+0000
 2.83700000000000E+0000
 2.79500000000000E+0000
 2.75200000000000E+0000
 2.35200000000000E+0000
 1.95400000000000E+0000
 2.43900000000000E+0000
 2.92000000000000E+0000
 3.02000000000000E+0000
 3.11900000000000E+0000
 3.18700000000000E+0000
 3.25600000000000E+0000
 3.35600000000000E+0000
 3.45300000000000E+0000
 3.34500000000000E+0000
 3.24000000000000E+0000
 2.97000000000000E+0000
 2.42600000000000E+0000
 2.38500000000000E+0000
 2.35500000000000E+0000
 2.32500000000000E+0000
 2.32700000000000E+0000
 2.32900000000000E+0000
 2.28800000000000E+0000
 2.24600000000000E+0000
 2.24600000000000E+0000
 2.24700000000000E+0000
 2.30700000000000E+0000
 2.36600000000000E+0000
 2.34300000000000E+0000
 2.32000000000000E+0000
 2.37100000000000E+0000
 2.47100000000000E+0000
 2.46100000000000E+0000
 2.46400000000000E+0000
 2.46800000000000E+0000
 2.52500000000000E+0000
 2.58300000000000E+0000
 2.64600000000000E+0000
 2.71300000000000E+0000
 3.07100000000000E+0000
 3.44200000000000E+0000
 3.22700000000000E+0000
 2.65900000000000E+0000
 2.72200000000000E+0000
 2.78800000000000E+0000
 2.88500000000000E+0000
 2.98400000000000E+0000
 3.19600000000000E+0000
 3.69200000000000E+0000
 4.61100000000000E+0000
 4.95400000000000E+0000
 5.30200000000000E+0000
 5.96800000000000E+0000
 6.64000000000000E+0000
 7.16100000000000E+0000
 7.67600000000000E+0000
 7.33900000000000E+0000
 7.00400000000000E+0000
 7.23400000000000E+0000
 7.46000000000000E+0000
 7.16400000000000E+0000
 6.86300000000000E+0000
 6.43300000000000E+0000
 6.00600000000000E+0000
 5.70400000000000E+0000
 5.39100000000000E+0000
 5.21700000000000E+0000
 4.87100000000000E+0000
 4.00100000000000E+0000
 3.77600000000000E+0000
 3.55200000000000E+0000
 3.74900000000000E+0000
 3.94700000000000E+0000
 3.86900000000000E+0000
 3.79100000000000E+0000
 3.77500000000000E+0000
 3.75900000000000E+0000
 3.86500000000000E+0000
 3.97300000000000E+0000
 4.03800000000000E+0000
 4.10200000000000E+0000
 4.13500000000000E+0000
 4.16700000000000E+0000
 4.21800000000000E+0000
 4.26800000000000E+0000
 4.15900000000000E+0000
 4.05100000000000E+0000
 4.03800000000000E+0000
 4.02800000000000E+0000
 4.28500000000000E+0000
 4.55100000000000E+0000
 4.56100000000000E+0000
 4.56900000000000E+0000
 4.77600000000000E+0000
 5.16200000000000E+0000
 5.38500000000000E+0000
 5.67900000000000E+0000
 5.28700000000000E+0000
 5.43200000000000E+0000
 5.57800000000000E+0000
 5.23600000000000E+0000
 4.89000000000000E+0000
 4.59800000000000E+0000
 4.30400000000000E+0000
 4.18900000000000E+0000
 4.07400000000000E+0000
 3.90600000000000E+0000
 3.73900000000000E+0000
 4.00000000000000E+0000
 4.26200000000000E+0000
 4.43600000000000E+0000
 4.61300000000000E+0000
 4.81600000000000E+0000
 5.02000000000000E+0000
 5.33400000000000E+0000
 5.65800000000000E+0000
 5.65900000000000E+0000
 5.65700000000000E+0000
 5.70800000000000E+0000
 5.76000000000000E+0000
 5.69700000000000E+0000
 5.56900000000000E+0000
 6.44800000000000E+0000
 6.59100000000000E+0000
 6.73600000000000E+0000
 8.11200000000000E+0000
 9.49800000000000E+0000
 1.01630000000000E+0001
 1.08260000000000E+0001
 9.79300000000000E+0000
 8.76900000000000E+0000
 8.96200000000000E+0000
 9.14800000000000E+0000
 8.37500000000000E+0000
 7.60400000000000E+0000
 7.72100000000000E+0000
 7.83700000000000E+0000
 7.78500000000000E+0000
 7.73400000000000E+0000
 7.74400000000000E+0000
 7.75500000000000E+0000
 7.25600000000000E+0000
 6.31700000000000E+0000
 7.94600000000000E+0000
 7.85700000000000E+0000
 7.76000000000000E+0000
 7.77000000000000E+0000
 7.78000000000000E+0000
 8.47500000000000E+0000
 9.17700000000000E+0000
 9.17900000000000E+0000
 9.18200000000000E+0000
 9.45400000000000E+0000
 9.73000000000000E+0000
 1.02870000000000E+0001
 1.08350000000000E+0001
 1.01350000000000E+0001
 9.41900000000000E+0000
 7.57700000000000E+0000
 5.75800000000000E+0000
 7.63900000000000E+0000
 9.51400000000000E+0000
 9.57600000000000E+0000
 9.63700000000000E+0000
 9.54700000000000E+0000
 9.45400000000000E+0000
 8.76700000000000E+0000
 7.38300000000000E+0000
 7.64800000000000E+0000
 7.24400000000000E+0000
 6.83400000000000E+0000
 6.29000000000000E+0000
 5.74600000000000E+0000
 5.59500000000000E+0000
 5.44400000000000E+0000
 5.54000000000000E+0000
 5.63600000000000E+0000
 5.51800000000000E+0000
 5.40200000000000E+0000
 5.81600000000000E+0000
 6.23000000000000E+0000
 6.05600000000000E+0000
 5.88600000000000E+0000
 6.15900000000000E+0000
 6.42900000000000E+0000
 6.12700000000000E+0000
 5.82500000000000E+0000
 5.67700000000000E+0000
 5.53600000000000E+0000
 5.98100000000000E+0000
 6.43800000000000E+0000
 6.43500000000000E+0000
 6.42400000000000E+0000
 6.33900000000000E+0000
 6.25500000000000E+0000
 6.22900000000000E+0000
 6.17600000000000E+0000
 6.20600000000000E+0000
 6.62600000000000E+0000
 7.04900000000000E+0000
 7.14200000000000E+0000
 7.23500000000000E+0000
 7.30500000000000E+0000
 7.37700000000000E+0000
 7.58100000000000E+0000
 7.78800000000000E+0000
 8.13300000000000E+0000
 8.48300000000000E+0000
 9.37400000000000E+0000
 1.02690000000000E+0001
 1.07900000000000E+0001
 1.12990000000000E+0001
 1.04520000000000E+0001
 9.61500000000000E+0000
 1.00450000000000E+0001
 1.04850000000000E+0001
 1.05250000000000E+0001
 1.05610000000000E+0001
 1.24680000000000E+0001
 1.44030000000000E+0001
 1.59600000000000E+0001
 1.75290000000000E+0001
 1.55060000000000E+0001
 1.14460000000000E+0001
 9.02700000000000E+0000
 9.27300000000000E+0000
 9.52000000000000E+0000
 9.55300000000000E+0000
 9.57900000000000E+0000
 8.18900000000000E+0000
 6.79900000000000E+0000
 7.13300000000000E+0000
 7.46200000000000E+0000
 7.14700000000000E+0000
 6.79900000000000E+0000
 3.72800000000000E+0000
 6.74000000000000E-0001
 1.12500000000000E+0000
 1.62200000000000E+0000
 4.80500000000000E+0000
 8.10300000000000E+0000
 9.58100000000000E+0000
 1.10440000000000E+0001
 5.96300000000000E+0000
 7.98000000000000E-0001
 5.42000000000000E-0001
 3.02000000000000E-0001
 3.49000000000000E-0001
 3.98000000000000E-0001
 4.12000000000000E-0001
 4.42000000000000E-0001
 6.55000000000000E-0001
 6.84000000000000E-0001
 7.13000000000000E-0001
 7.52000000000000E-0001
 7.92000000000000E-0001
 7.17000000000000E-0001
 6.43000000000000E-0001
 5.79000000000000E-0001
 5.16000000000000E-0001
 4.79000000000000E-0001
 4.43000000000000E-0001
 4.19000000000000E-0001
 3.96000000000000E-0001
 3.72000000000000E-0001
 3.48000000000000E-0001
 3.44000000000000E-0001
 3.35000000000000E-0001
 3.02000000000000E-0001
 3.02000000000000E-0001
 3.01000000000000E-0001
 3.01000000000000E-0001
 3.02000000000000E-0001
 3.02000000000000E-0001
 3.02000000000000E-0001
 3.02000000000000E-0001
 3.02000000000000E-0001
 3.01000000000000E-0001
 3.01000000000000E-0001
 3.01000000000000E-0001
 3.02000000000000E-0001
 3.03000000000000E-0001
 3.05000000000000E-0001
 4.00000000000000E-0001
 5.04000000000000E-0001
 1.35600000000000E+0000
 2.19900000000000E+0000
 1.77100000000000E+0000
 9.81000000000000E-0001
 1.06900000000000E+0000
 1.15900000000000E+0000
 1.13300000000000E+0000
 1.10500000000000E+0000
 1.10400000000000E+0000
 1.10400000000000E+0000
 1.08400000000000E+0000
 1.06000000000000E+0000
 1.03600000000000E+0000
 1.04600000000000E+0000
 1.05700000000000E+0000
 1.07400000000000E+0000
 1.09000000000000E+0000
 1.08300000000000E+0000
 1.07500000000000E+0000
 1.07300000000000E+0000
 1.07000000000000E+0000
 1.05000000000000E+0000
 1.03100000000000E+0000
 1.04300000000000E+0000
 1.05500000000000E+0000
 1.05800000000000E+0000
 1.06200000000000E+0000
 1.06900000000000E+0000
 1.07800000000000E+0000
 1.13300000000000E+0000
 1.18900000000000E+0000
 1.20300000000000E+0000
 1.21600000000000E+0000
 1.19400000000000E+0000
 1.17100000000000E+0000
 1.12900000000000E+0000
 1.08600000000000E+0000
 1.06300000000000E+0000
 1.01700000000000E+0000
 1.00500000000000E+0000
 9.91000000000000E-0001
 9.77000000000000E-0001
 1.05300000000000E+0000
 1.13000000000000E+0000
 1.09500000000000E+0000
 1.06100000000000E+0000
 1.06900000000000E+0000
 1.07700000000000E+0000
 1.11100000000000E+0000
 1.14400000000000E+0000
 1.10100000000000E+0000
 1.05800000000000E+0000
 1.06600000000000E+0000
 1.07400000000000E+0000
 1.07200000000000E+0000
 1.07000000000000E+0000
 1.09400000000000E+0000
 1.11900000000000E+0000
 1.17300000000000E+0000
 1.22700000000000E+0000
 1.22200000000000E+0000
 1.21200000000000E+0000
 1.10200000000000E+0000
 1.11600000000000E+0000
 1.13000000000000E+0000
 1.17600000000000E+0000
 1.22200000000000E+0000
 1.23100000000000E+0000
 1.23900000000000E+0000
 1.19500000000000E+0000
 1.15100000000000E+0000
 1.15000000000000E+0000
 1.15000000000000E+0000
 1.15700000000000E+0000
 1.16300000000000E+0000
 1.17000000000000E+0000
 1.17600000000000E+0000
 1.15500000000000E+0000
 1.13500000000000E+0000
 1.15400000000000E+0000
 1.17400000000000E+0000
 1.15600000000000E+0000
 1.13700000000000E+0000
 1.10200000000000E+0000
 1.03300000000000E+0000
 1.12400000000000E+0000
 1.12000000000000E+0000
 1.11500000000000E+0000
 1.09600000000000E+0000
 1.07700000000000E+0000
 1.12600000000000E+0000
 1.17400000000000E+0000
 1.14000000000000E+0000
 1.10600000000000E+0000
 1.14100000000000E+0000
 1.17600000000000E+0000
 1.18100000000000E+0000
 1.18600000000000E+0000
 1.18100000000000E+0000
 1.17700000000000E+0000
 1.19700000000000E+0000
 1.21600000000000E+0000
 1.20700000000000E+0000
 1.19700000000000E+0000
 1.20200000000000E+0000
 1.20600000000000E+0000
 1.18800000000000E+0000
 1.16900000000000E+0000
 1.17300000000000E+0000
 1.17600000000000E+0000
 1.21300000000000E+0000
 1.24900000000000E+0000
 1.26500000000000E+0000
 1.29700000000000E+0000
 1.25200000000000E+0000
 1.28100000000000E+0000
 1.31100000000000E+0000
 1.28000000000000E+0000
 1.24800000000000E+0000
 1.26100000000000E+0000
 1.27500000000000E+0000
 1.38000000000000E+0000
 1.48400000000000E+0000
 1.49900000000000E+0000
 1.51200000000000E+0000
 1.46100000000000E+0000
 1.41100000000000E+0000
 1.44400000000000E+0000
 1.47600000000000E+0000
 1.44200000000000E+0000
 1.40600000000000E+0000
 1.37500000000000E+0000
 1.34400000000000E+0000
 1.43700000000000E+0000
 1.53100000000000E+0000
 1.52100000000000E+0000
 1.50100000000000E+0000
 1.40300000000000E+0000
 1.48900000000000E+0000
 1.57600000000000E+0000
 1.67100000000000E+0000
 1.76600000000000E+0000
 1.94800000000000E+0000
 2.13100000000000E+0000
 2.21100000000000E+0000
 2.29200000000000E+0000
 2.47400000000000E+0000
 2.65900000000000E+0000
 2.90200000000000E+0000
 2.81200000000000E+0000
 2.54000000000000E+0000
 2.26400000000000E+0000
 1.93700000000000E+0000
 1.61000000000000E+0000
 1.47700000000000E+0000
 1.33900000000000E+0000
 1.32100000000000E+0000
 1.28900000000000E+0000
 1.36400000000000E+0000
 1.36400000000000E+0000
 1.36400000000000E+0000
 1.32200000000000E+0000
 1.28000000000000E+0000
 1.35600000000000E+0000
 1.43300000000000E+0000
 1.40700000000000E+0000
 1.38200000000000E+0000
 1.46300000000000E+0000
 1.54500000000000E+0000
 1.48600000000000E+0000
 1.42800000000000E+0000
 1.46400000000000E+0000
 1.50000000000000E+0000
 1.48300000000000E+0000
 1.46600000000000E+0000
 1.45700000000000E+0000
 1.44000000000000E+0000
 1.38300000000000E+0000
 1.38800000000000E+0000
 1.39300000000000E+0000
 1.40300000000000E+0000
 1.41200000000000E+0000
 1.39800000000000E+0000
 1.38300000000000E+0000
 1.35100000000000E+0000
 1.31900000000000E+0000
 1.32700000000000E+0000
 1.33500000000000E+0000
 1.31800000000000E+0000
 1.30200000000000E+0000
 1.32900000000000E+0000
 1.35700000000000E+0000
 1.32100000000000E+0000
 1.28600000000000E+0000
 1.28700000000000E+0000
 1.29000000000000E+0000
 1.22800000000000E+0000
 1.27500000000000E+0000
 1.32200000000000E+0000
 1.33500000000000E+0000
 1.34800000000000E+0000
 1.29700000000000E+0000
 1.24700000000000E+0000
 1.27900000000000E+0000
 1.31000000000000E+0000
 1.29900000000000E+0000
 1.28700000000000E+0000
 1.34000000000000E+0000
 1.39400000000000E+0000
 1.29400000000000E+0000
 1.19200000000000E+0000
 1.24700000000000E+0000
 1.30400000000000E+0000
 1.31600000000000E+0000
 1.32900000000000E+0000
 1.37200000000000E+0000
 1.41400000000000E+0000
 1.37000000000000E+0000
 1.32700000000000E+0000
 1.39400000000000E+0000
 1.46200000000000E+0000
 1.45300000000000E+0000
 1.44400000000000E+0000
 1.47800000000000E+0000
 1.51100000000000E+0000
 1.50500000000000E+0000
 1.49100000000000E+0000
 1.26000000000000E+0000
 1.25000000000000E+0000
 1.24000000000000E+0000
 1.28100000000000E+0000
 1.32300000000000E+0000
 1.43300000000000E+0000
 1.54400000000000E+0000
 1.62900000000000E+0000
 1.71400000000000E+0000
 1.64800000000000E+0000
 1.58000000000000E+0000
 1.65400000000000E+0000
 1.72900000000000E+0000
 1.64900000000000E+0000
 1.56900000000000E+0000
 1.56500000000000E+0000
 1.55600000000000E+0000
 1.50500000000000E+0000
 1.45500000000000E+0000
 1.60400000000000E+0000
 1.75200000000000E+0000
 1.76900000000000E+0000
 1.78500000000000E+0000
 1.72800000000000E+0000
 1.61600000000000E+0000
 1.49900000000000E+0000
 1.57900000000000E+0000
 1.65700000000000E+0000
 1.61200000000000E+0000
 1.56500000000000E+0000
 1.61200000000000E+0000
 1.66000000000000E+0000
 1.71500000000000E+0000
 1.77000000000000E+0000
 1.72500000000000E+0000
 1.67900000000000E+0000
 1.77100000000000E+0000
 1.86400000000000E+0000
 1.79100000000000E+0000
 1.72000000000000E+0000
 1.80500000000000E+0000
 1.89100000000000E+0000
 1.91100000000000E+0000
 1.93300000000000E+0000
 2.14300000000000E+0000
 2.35900000000000E+0000
 2.92500000000000E+0000
 4.03300000000000E+0000
 3.60400000000000E+0000
 2.82800000000000E+0000
 2.05500000000000E+0000
 2.02700000000000E+0000
 2.00000000000000E+0000
 2.02200000000000E+0000
 2.04300000000000E+0000
 1.92200000000000E+0000
 1.80000000000000E+0000
 1.85200000000000E+0000
 1.90500000000000E+0000
 1.96900000000000E+0000
 2.03500000000000E+0000
 2.07300000000000E+0000
 2.11100000000000E+0000
 2.12000000000000E+0000
 2.13500000000000E+0000
 2.09300000000000E+0000
 2.05000000000000E+0000
 1.93800000000000E+0000
 1.82500000000000E+0000
 1.87900000000000E+0000
 1.98800000000000E+0000
 2.20100000000000E+0000
 2.03600000000000E+0000
 1.87100000000000E+0000
 1.75400000000000E+0000
 1.63500000000000E+0000
 1.51300000000000E+0000
 1.39400000000000E+0000
 1.32600000000000E+0000
 1.25900000000000E+0000
 1.28100000000000E+0000
 1.30400000000000E+0000
 1.32600000000000E+0000
 1.34900000000000E+0000
 1.38300000000000E+0000
 1.41900000000000E+0000
 1.35500000000000E+0000
 1.29200000000000E+0000
 1.26300000000000E+0000
 1.23400000000000E+0000
 1.21500000000000E+0000
 1.19600000000000E+0000
 1.16400000000000E+0000
 1.13300000000000E+0000
 1.20200000000000E+0000
 1.27200000000000E+0000
 1.32900000000000E+0000
 1.44400000000000E+0000
 1.76600000000000E+0000
 1.60400000000000E+0000
 1.44200000000000E+0000
 1.41200000000000E+0000
 1.38200000000000E+0000
 1.36100000000000E+0000
 1.34000000000000E+0000
 1.26000000000000E+0000
 1.18000000000000E+0000
 1.13000000000000E+0000
 1.08000000000000E+0000
 1.08600000000000E+0000
 1.09300000000000E+0000
 1.07400000000000E+0000
 1.03800000000000E+0000
 1.04500000000000E+0000
 1.05300000000000E+0000
 1.17200000000000E+0000
 1.28900000000000E+0000
 1.21200000000000E+0000
 1.13400000000000E+0000
 1.12900000000000E+0000
 1.11800000000000E+0000
 1.07400000000000E+0000
 1.06800000000000E+0000
 1.06300000000000E+0000
 1.07300000000000E+0000
 1.08300000000000E+0000
 1.08200000000000E+0000
 1.08000000000000E+0000
 1.09500000000000E+0000
 1.11100000000000E+0000
 1.17000000000000E+0000
 1.22900000000000E+0000
 1.15600000000000E+0000
 1.08200000000000E+0000
 1.03100000000000E+0000
 9.81000000000000E-0001
 9.53000000000000E-0001
 9.25000000000000E-0001
 9.94000000000000E-0001
 1.13300000000000E+0000
 1.09800000000000E+0000
 1.07400000000000E+0000
 1.05100000000000E+0000
 1.02700000000000E+0000
 1.00200000000000E+0000
 9.72000000000000E-0001
 9.43000000000000E-0001
 1.03500000000000E+0000
 1.12700000000000E+0000
 1.14100000000000E+0000
 1.15600000000000E+0000
 1.18600000000000E+0000
 1.21500000000000E+0000
 1.21100000000000E+0000
 1.20500000000000E+0000
 1.28100000000000E+0000
 1.35700000000000E+0000
 1.33700000000000E+0000
 1.31800000000000E+0000
 1.34600000000000E+0000
 1.41200000000000E+0000
 1.79600000000000E+0000
 1.87600000000000E+0000
 1.95700000000000E+0000
 2.00700000000000E+0000
 2.05700000000000E+0000
 2.12700000000000E+0000
 2.19700000000000E+0000
 2.14800000000000E+0000
 2.09700000000000E+0000
 1.80800000000000E+0000
 1.52100000000000E+0000
 1.71900000000000E+0000
 1.91300000000000E+0000
 1.89900000000000E+0000
 1.88400000000000E+0000
 1.90900000000000E+0000
 1.93300000000000E+0000
 1.94700000000000E+0000
 1.96100000000000E+0000
 2.03000000000000E+0000
 2.10000000000000E+0000
 2.08700000000000E+0000
 2.06100000000000E+0000
 2.45200000000000E+0000
 2.46100000000000E+0000
 2.47000000000000E+0000
 2.36800000000000E+0000
 2.26700000000000E+0000
 2.44600000000000E+0000
 2.62300000000000E+0000
 2.45100000000000E+0000
 2.27900000000000E+0000
 2.24400000000000E+0000
 2.20700000000000E+0000
 1.99400000000000E+0000
 1.78100000000000E+0000
 1.67800000000000E+0000
 1.57500000000000E+0000
 1.43400000000000E+0000
 1.29600000000000E+0000
 1.40500000000000E+0000
 1.51200000000000E+0000
 1.51900000000000E+0000
 1.52500000000000E+0000
 1.46500000000000E+0000
 1.40300000000000E+0000
 1.39700000000000E+0000
 1.38200000000000E+0000
 1.18400000000000E+0000
 1.30500000000000E+0000
 1.42700000000000E+0000
 1.36800000000000E+0000
 1.30900000000000E+0000
 1.30000000000000E+0000
 1.29200000000000E+0000
 1.35600000000000E+0000
 1.42100000000000E+0000
 1.38100000000000E+0000
 1.34100000000000E+0000
 1.33600000000000E+0000
 1.33100000000000E+0000
 1.33600000000000E+0000
 1.34100000000000E+0000
 1.30300000000000E+0000
 1.26700000000000E+0000
 1.32000000000000E+0000
 1.37200000000000E+0000
 1.36100000000000E+0000
 1.34900000000000E+0000
 1.44100000000000E+0000
 1.62900000000000E+0000
 1.58800000000000E+0000
 1.43200000000000E+0000
 1.27300000000000E+0000
 1.30600000000000E+0000
 1.33900000000000E+0000
 1.33300000000000E+0000
 1.32800000000000E+0000
 1.36700000000000E+0000
 1.40500000000000E+0000
 1.36100000000000E+0000
 1.31700000000000E+0000
 1.38500000000000E+0000
 1.45300000000000E+0000
 1.37200000000000E+0000
 1.29000000000000E+0000
 1.29400000000000E+0000
 1.29900000000000E+0000
 1.34100000000000E+0000
 1.38300000000000E+0000
 1.46300000000000E+0000
 1.54100000000000E+0000
 1.56900000000000E+0000
 1.59700000000000E+0000
 1.54600000000000E+0000
 1.42500000000000E+0000
 1.48100000000000E+0000
 1.50100000000000E+0000
 1.52100000000000E+0000
 1.51700000000000E+0000
 1.51200000000000E+0000
 1.49000000000000E+0000
 1.46800000000000E+0000
 1.44700000000000E+0000
 1.42600000000000E+0000
 1.35100000000000E+0000
 1.27600000000000E+0000
 1.45400000000000E+0000
 1.63100000000000E+0000
 1.62700000000000E+0000
 1.62200000000000E+0000
 1.54400000000000E+0000
 1.46600000000000E+0000
 1.41500000000000E+0000
 1.36400000000000E+0000
 1.30500000000000E+0000
 1.24600000000000E+0000
 1.24800000000000E+0000
 1.25000000000000E+0000
 1.25200000000000E+0000
 1.25700000000000E+0000
 1.27000000000000E+0000
 1.27700000000000E+0000
 1.28500000000000E+0000
 1.21800000000000E+0000
 1.15100000000000E+0000
 1.21300000000000E+0000
 1.27700000000000E+0000
 1.22600000000000E+0000
 1.17400000000000E+0000
 1.23800000000000E+0000
 1.30100000000000E+0000
 1.22900000000000E+0000
 1.15800000000000E+0000
 1.22900000000000E+0000
 1.29900000000000E+0000
 1.28000000000000E+0000
 1.26300000000000E+0000
 1.35600000000000E+0000
 1.45300000000000E+0000
 1.84700000000000E+0000
 2.23500000000000E+0000
 1.98700000000000E+0000
 1.39800000000000E+0000
 1.25600000000000E+0000
 1.31200000000000E+0000
 1.36900000000000E+0000
 1.34900000000000E+0000
 1.32800000000000E+0000
 1.33500000000000E+0000
 1.34300000000000E+0000
 1.44300000000000E+0000
 1.54300000000000E+0000
 1.51200000000000E+0000
 1.48100000000000E+0000
 1.50200000000000E+0000
 1.52200000000000E+0000
 1.41700000000000E+0000
 1.31100000000000E+0000
 1.29000000000000E+0000
 1.26900000000000E+0000
 1.22000000000000E+0000
 1.17100000000000E+0000
 1.15500000000000E+0000
 1.13800000000000E+0000
 1.14200000000000E+0000
 1.14900000000000E+0000
 1.16200000000000E+0000
 1.16300000000000E+0000
 1.16500000000000E+0000
 1.14600000000000E+0000
 1.12700000000000E+0000
 1.11500000000000E+0000
 1.10400000000000E+0000
 1.11000000000000E+0000
 1.11600000000000E+0000
 1.26000000000000E+0000
 1.40400000000000E+0000
 1.32600000000000E+0000
 1.24600000000000E+0000
 1.24000000000000E+0000
 1.23300000000000E+0000
 1.24000000000000E+0000
 1.25200000000000E+0000
 1.19400000000000E+0000
 1.20400000000000E+0000
 1.21500000000000E+0000
 1.22000000000000E+0000
 1.22600000000000E+0000
 1.28500000000000E+0000
 1.34500000000000E+0000
 1.41500000000000E+0000
 1.48700000000000E+0000
 1.61300000000000E+0000
 1.74000000000000E+0000
 1.59000000000000E+0000
 1.43700000000000E+0000
 1.42700000000000E+0000
 1.41700000000000E+0000
 1.40100000000000E+0000
 1.38500000000000E+0000
 1.32900000000000E+0000
 1.27200000000000E+0000
 1.21200000000000E+0000
 1.15100000000000E+0000
 1.21000000000000E+0000
 1.32700000000000E+0000
 1.29600000000000E+0000
 1.27900000000000E+0000
 1.26300000000000E+0000
 1.30200000000000E+0000
 1.34100000000000E+0000
 1.33000000000000E+0000
 1.31900000000000E+0000
 1.27300000000000E+0000
 1.22600000000000E+0000
 1.16400000000000E+0000
 1.10000000000000E+0000
 1.11700000000000E+0000
 1.13600000000000E+0000
 1.18300000000000E+0000
 1.23100000000000E+0000
 1.18600000000000E+0000
 1.14000000000000E+0000
 1.10800000000000E+0000
 1.07600000000000E+0000
 1.04500000000000E+0000
 1.01300000000000E+0000
 1.03900000000000E+0000
 1.09000000000000E+0000
 1.05700000000000E+0000
 1.09000000000000E+0000
 1.12400000000000E+0000
 1.14900000000000E+0000
 1.17300000000000E+0000
 1.15700000000000E+0000
 1.14000000000000E+0000
 1.16700000000000E+0000
 1.19400000000000E+0000
 1.22900000000000E+0000
 1.19100000000000E+0000
 1.14200000000000E+0000
 1.09200000000000E+0000
 1.17100000000000E+0000
 1.25100000000000E+0000
 1.19100000000000E+0000
 1.13000000000000E+0000
 1.14500000000000E+0000
 1.16100000000000E+0000
 1.26500000000000E+0000
 1.37000000000000E+0000
 1.30000000000000E+0000
 1.15900000000000E+0000
 1.17700000000000E+0000
 1.29300000000000E+0000
 1.41000000000000E+0000
 1.63000000000000E+0000
 1.85200000000000E+0000
 1.91100000000000E+0000
 1.97000000000000E+0000
 1.95500000000000E+0000
 1.93900000000000E+0000
 1.73900000000000E+0000
 1.53900000000000E+0000
 1.43900000000000E+0000
 1.34300000000000E+0000
 1.48300000000000E+0000
 1.62900000000000E+0000
 1.56300000000000E+0000
 1.49500000000000E+0000
 1.41900000000000E+0000
 1.34300000000000E+0000
 1.35100000000000E+0000
 1.35900000000000E+0000
 1.32300000000000E+0000
 1.28800000000000E+0000
 1.25100000000000E+0000
 1.21400000000000E+0000
 1.27000000000000E+0000
 1.38200000000000E+0000
 1.19200000000000E+0000
 1.20300000000000E+0000
 1.21400000000000E+0000
 1.22900000000000E+0000
 1.24400000000000E+0000
 1.22100000000000E+0000
 1.19900000000000E+0000
 1.22700000000000E+0000
 1.25500000000000E+0000
 1.23300000000000E+0000
 1.21100000000000E+0000
 1.16600000000000E+0000
 1.11800000000000E+0000
 1.15500000000000E+0000
 1.19300000000000E+0000
 1.17500000000000E+0000
 1.15700000000000E+0000
 1.20000000000000E+0000
 1.24300000000000E+0000
 1.29200000000000E+0000
 1.34200000000000E+0000
 1.31300000000000E+0000
 1.25700000000000E+0000
 1.31000000000000E+0000
 1.32900000000000E+0000
 1.34800000000000E+0000
 1.33700000000000E+0000
 1.32700000000000E+0000
 1.40100000000000E+0000
 1.47500000000000E+0000
 1.48200000000000E+0000
 1.48900000000000E+0000
 1.49600000000000E+0000
 1.50200000000000E+0000
 1.47700000000000E+0000
 1.45200000000000E+0000
 1.47800000000000E+0000
 1.50500000000000E+0000
 1.44500000000000E+0000
 1.38500000000000E+0000
 1.46200000000000E+0000
 1.54100000000000E+0000
 1.58300000000000E+0000
 1.62500000000000E+0000
 1.66000000000000E+0000
 1.69500000000000E+0000
 1.62300000000000E+0000
 1.48000000000000E+0000
 1.34200000000000E+0000
 1.29200000000000E+0000
 1.24200000000000E+0000
 1.31300000000000E+0000
 1.38400000000000E+0000
 1.36900000000000E+0000
 1.35500000000000E+0000
 1.35300000000000E+0000
 1.35000000000000E+0000
 1.33200000000000E+0000
 1.31400000000000E+0000
 1.30600000000000E+0000
 1.29800000000000E+0000
 1.27400000000000E+0000
 1.24800000000000E+0000
 1.20300000000000E+0000
 1.15700000000000E+0000
 1.19100000000000E+0000
 1.22500000000000E+0000
 1.18200000000000E+0000
 1.13800000000000E+0000
 1.23000000000000E+0000
 1.41500000000000E+0000
 1.44500000000000E+0000
 1.31300000000000E+0000
 1.18100000000000E+0000
 1.18500000000000E+0000
 1.19000000000000E+0000
 1.19700000000000E+0000
 1.20500000000000E+0000
 1.30600000000000E+0000
 1.40600000000000E+0000
 1.50200000000000E+0000
 1.59600000000000E+0000
 1.52300000000000E+0000
 1.44800000000000E+0000
 1.35700000000000E+0000
 1.26700000000000E+0000
 1.27000000000000E+0000
 1.27300000000000E+0000
 1.29600000000000E+0000
 1.31900000000000E+0000
 1.29900000000000E+0000
 1.27800000000000E+0000
 1.28300000000000E+0000
 1.29200000000000E+0000
 1.27800000000000E+0000
 1.25400000000000E+0000
 1.21700000000000E+0000
 1.46200000000000E+0000
 1.54700000000000E+0000
 1.49700000000000E+0000
 1.46300000000000E+0000
 1.48900000000000E+0000
 1.51600000000000E+0000
 1.57200000000000E+0000
 1.62600000000000E+0000
 1.47600000000000E+0000
 1.32700000000000E+0000
 1.30300000000000E+0000
 1.28000000000000E+0000
 1.31600000000000E+0000
 1.35000000000000E+0000
 1.29300000000000E+0000
 1.17600000000000E+0000
 1.10800000000000E+0000
 1.09400000000000E+0000
 1.08000000000000E+0000
 1.10700000000000E+0000
 1.13400000000000E+0000
 1.29100000000000E+0000
 1.44900000000000E+0000
 1.38000000000000E+0000
 1.31000000000000E+0000
 1.26900000000000E+0000
 1.22700000000000E+0000
 1.23900000000000E+0000
 1.25000000000000E+0000
 1.22500000000000E+0000
 1.20100000000000E+0000
 1.32200000000000E+0000
 1.44300000000000E+0000
 1.41000000000000E+0000
 1.37700000000000E+0000
 1.42600000000000E+0000
 1.47300000000000E+0000
 1.40900000000000E+0000
 1.34500000000000E+0000
 1.28700000000000E+0000
 1.22800000000000E+0000
 1.25800000000000E+0000
 1.31900000000000E+0000
 1.38100000000000E+0000
 1.39000000000000E+0000
 1.39800000000000E+0000
 1.45000000000000E+0000
 1.50300000000000E+0000
 1.38500000000000E+0000
 1.26700000000000E+0000
 1.25000000000000E+0000
 1.23300000000000E+0000
 1.19200000000000E+0000
 1.15000000000000E+0000
 1.09600000000000E+0000
 1.15100000000000E+0000
 1.16700000000000E+0000
 1.18300000000000E+0000
 1.21700000000000E+0000
 1.24900000000000E+0000
 1.15100000000000E+0000
 1.05400000000000E+0000
 1.07300000000000E+0000
 1.09200000000000E+0000
 1.11900000000000E+0000
 1.17400000000000E+0000
 1.27400000000000E+0000
 1.27900000000000E+0000
 1.28300000000000E+0000
 1.38700000000000E+0000
 1.49200000000000E+0000
 1.46700000000000E+0000
 1.44200000000000E+0000
 1.36100000000000E+0000
 1.28000000000000E+0000
 1.40900000000000E+0000
 1.53800000000000E+0000
 1.63900000000000E+0000
 1.74000000000000E+0000
 1.72100000000000E+0000
 1.70200000000000E+0000
 1.62900000000000E+0000
 1.55500000000000E+0000
 1.56100000000000E+0000
 1.57000000000000E+0000
 1.79900000000000E+0000
 2.02700000000000E+0000
 2.04500000000000E+0000
 2.07700000000000E+0000
 1.89200000000000E+0000
 2.01900000000000E+0000
 2.15100000000000E+0000
 2.04200000000000E+0000
 1.93100000000000E+0000
 1.85500000000000E+0000
 1.77800000000000E+0000
 1.74800000000000E+0000
 1.71900000000000E+0000
 1.74900000000000E+0000
 1.78000000000000E+0000
 1.79300000000000E+0000
 1.80700000000000E+0000
 1.80400000000000E+0000
 1.80200000000000E+0000
 1.81600000000000E+0000
 1.82700000000000E+0000
 1.62800000000000E+0000
 1.43100000000000E+0000
 1.43500000000000E+0000
 1.43900000000000E+0000
 1.45700000000000E+0000
 1.49100000000000E+0000
 1.55600000000000E+0000
 1.79800000000000E+0000
 2.03300000000000E+0000
 2.07700000000000E+0000
 2.11800000000000E+0000
 2.44400000000000E+0000
 2.77400000000000E+0000
 3.29700000000000E+0000
 3.82600000000000E+0000
 3.08300000000000E+0000
 2.33700000000000E+0000
 1.99100000000000E+0000
 1.64200000000000E+0000
 1.59100000000000E+0000
 1.54000000000000E+0000
 1.48600000000000E+0000
 1.43200000000000E+0000
 1.48500000000000E+0000
 1.53700000000000E+0000
 1.52000000000000E+0000
 1.50300000000000E+0000
 1.47000000000000E+0000
 1.43800000000000E+0000
 1.44700000000000E+0000
 1.46500000000000E+0000
 1.45800000000000E+0000
 1.47900000000000E+0000
 1.49900000000000E+0000
 1.50300000000000E+0000
 1.50700000000000E+0000
 1.48700000000000E+0000
 1.46500000000000E+0000
 1.46000000000000E+0000
 1.45600000000000E+0000
 1.54300000000000E+0000
 1.63000000000000E+0000
 1.76000000000000E+0000
 2.00300000000000E+0000
 1.91900000000000E+0000
 1.83600000000000E+0000
 1.79000000000000E+0000
 1.74500000000000E+0000
 1.70800000000000E+0000
 1.63500000000000E+0000
 1.66900000000000E+0000
 1.58500000000000E+0000
 1.50000000000000E+0000
 1.51500000000000E+0000
 1.53000000000000E+0000
 1.54100000000000E+0000
 1.55100000000000E+0000
 1.54800000000000E+0000
 1.54400000000000E+0000
 1.69500000000000E+0000
 1.84800000000000E+0000
 1.98500000000000E+0000
 2.12300000000000E+0000
 2.15700000000000E+0000
 2.19000000000000E+0000
 2.05800000000000E+0000
 1.92400000000000E+0000
 1.92800000000000E+0000
 1.93200000000000E+0000
 1.87800000000000E+0000
 1.77200000000000E+0000
 1.82500000000000E+0000
 1.75700000000000E+0000
 1.68800000000000E+0000
 1.62000000000000E+0000
 1.55300000000000E+0000
 1.57700000000000E+0000
 1.60000000000000E+0000
 1.63000000000000E+0000
 1.65900000000000E+0000
 1.59800000000000E+0000
 1.53600000000000E+0000
 1.42700000000000E+0000
 1.32000000000000E+0000
 1.39700000000000E+0000
 1.47700000000000E+0000
 1.45600000000000E+0000
 1.43500000000000E+0000
 1.37200000000000E+0000
 1.30900000000000E+0000
 1.28000000000000E+0000
 1.21300000000000E+0000
 1.22200000000000E+0000
 1.22100000000000E+0000
 1.21900000000000E+0000
 1.24500000000000E+0000
 1.27200000000000E+0000
 1.28500000000000E+0000
 1.29900000000000E+0000
 1.30400000000000E+0000
 1.30800000000000E+0000
 1.29300000000000E+0000
 1.27800000000000E+0000
 1.29400000000000E+0000
 1.31100000000000E+0000
 1.34200000000000E+0000
 1.37200000000000E+0000
 1.29400000000000E+0000
 1.21800000000000E+0000
 1.30100000000000E+0000
 1.38500000000000E+0000
 1.49100000000000E+0000
 1.59800000000000E+0000
 1.68900000000000E+0000
 1.78000000000000E+0000
 1.96300000000000E+0000
 2.33100000000000E+0000
 1.93300000000000E+0000
 2.36800000000000E+0000
 2.80500000000000E+0000
 2.39900000000000E+0000
 1.99000000000000E+0000
 1.80300000000000E+0000
 1.61600000000000E+0000
 1.54200000000000E+0000
 1.46900000000000E+0000
 1.41900000000000E+0000
 1.37100000000000E+0000
 1.50300000000000E+0000
 1.63200000000000E+0000
 1.50800000000000E+0000
 1.38500000000000E+0000
 1.50000000000000E+0000
 1.61100000000000E+0000
 1.69300000000000E+0000
 1.77400000000000E+0000
 1.58000000000000E+0000
 1.38200000000000E+0000
 1.34200000000000E+0000
 1.26700000000000E+0000
 1.25800000000000E+0000
 1.25000000000000E+0000
 1.23800000000000E+0000
 1.22700000000000E+0000
 1.25100000000000E+0000
 1.29900000000000E+0000
 1.34000000000000E+0000
 1.39700000000000E+0000
 1.45400000000000E+0000
 1.47800000000000E+0000
 1.50200000000000E+0000
 1.45800000000000E+0000
 1.41500000000000E+0000
 1.43600000000000E+0000
 1.45900000000000E+0000
 1.56300000000000E+0000
 1.66900000000000E+0000
 1.88000000000000E+0000
 2.08700000000000E+0000
 1.99700000000000E+0000
 1.90400000000000E+0000
 2.01200000000000E+0000
 2.12300000000000E+0000
 2.38700000000000E+0000
 2.65500000000000E+0000
 2.65800000000000E+0000
 2.66100000000000E+0000
 2.61500000000000E+0000
 2.56900000000000E+0000
 2.73200000000000E+0000
 3.05600000000000E+0000
 2.43800000000000E+0000
 2.44000000000000E+0000
 2.44200000000000E+0000
 2.32500000000000E+0000
 2.20700000000000E+0000
 2.06100000000000E+0000
 1.91600000000000E+0000
 1.91100000000000E+0000
 1.90600000000000E+0000
 1.87700000000000E+0000
 1.84200000000000E+0000
 1.47400000000000E+0000
 1.11200000000000E+0000
 1.97100000000000E+0000
 2.84000000000000E+0000
 2.74600000000000E+0000
 2.55600000000000E+0000
 2.75200000000000E+0000
 2.94700000000000E+0000
 2.54000000000000E+0000
 2.12700000000000E+0000
 2.02400000000000E+0000
 1.81800000000000E+0000
 1.83800000000000E+0000
 1.89600000000000E+0000
 1.95500000000000E+0000
 2.08200000000000E+0000
 2.20800000000000E+0000
 2.06300000000000E+0000
 1.91700000000000E+0000
 1.90000000000000E+0000
 1.88300000000000E+0000
 1.81600000000000E+0000
 1.75200000000000E+0000
 1.94500000000000E+0000
 2.13700000000000E+0000
 2.15900000000000E+0000
 2.18000000000000E+0000
 2.15000000000000E+0000
 2.12100000000000E+0000
 2.05900000000000E+0000
 1.99700000000000E+0000
 2.12300000000000E+0000
 2.25200000000000E+0000
 2.27600000000000E+0000
 2.32300000000000E+0000
 2.35700000000000E+0000
 2.35800000000000E+0000
 2.36000000000000E+0000
 2.32800000000000E+0000
 2.29500000000000E+0000
 2.11700000000000E+0000
 1.93800000000000E+0000
 1.93300000000000E+0000
 1.92900000000000E+0000
 2.03100000000000E+0000
 2.13200000000000E+0000
 2.10100000000000E+0000
 2.06900000000000E+0000
 2.00100000000000E+0000
 1.93100000000000E+0000
 1.82900000000000E+0000
 1.72800000000000E+0000
 1.72200000000000E+0000
 1.71700000000000E+0000
 1.70200000000000E+0000
 1.68600000000000E+0000
 1.77100000000000E+0000
 1.85800000000000E+0000
 1.88100000000000E+0000
 1.90500000000000E+0000
 1.94000000000000E+0000
 2.01000000000000E+0000
 1.97500000000000E+0000
 2.06200000000000E+0000
 2.15100000000000E+0000
 2.43000000000000E+0000
 2.71300000000000E+0000
 3.16800000000000E+0000
 3.61700000000000E+0000
 2.85400000000000E+0000
 2.09800000000000E+0000
 2.00900000000000E+0000
 1.91900000000000E+0000
 1.93200000000000E+0000
 1.94200000000000E+0000
 1.81500000000000E+0000
 1.69000000000000E+0000
 1.72900000000000E+0000
 1.77000000000000E+0000
 1.91900000000000E+0000
 2.07100000000000E+0000
 1.96800000000000E+0000
 1.75700000000000E+0000
 1.75900000000000E+0000
 1.80700000000000E+0000
 1.85500000000000E+0000
 1.80100000000000E+0000
 1.74800000000000E+0000
 1.77800000000000E+0000
 1.80900000000000E+0000
 1.75000000000000E+0000
 1.69100000000000E+0000
 1.66600000000000E+0000
 1.64100000000000E+0000
 1.65500000000000E+0000
 1.66900000000000E+0000
 1.67400000000000E+0000
 1.67800000000000E+0000
 1.63000000000000E+0000
 1.58200000000000E+0000
 1.62400000000000E+0000
 1.71900000000000E+0000
 2.07700000000000E+0000
 1.88300000000000E+0000
 1.68300000000000E+0000
 1.76600000000000E+0000
 1.85100000000000E+0000
 1.66900000000000E+0000
 1.48400000000000E+0000
 1.40200000000000E+0000
 1.31900000000000E+0000
 1.32700000000000E+0000
 1.33600000000000E+0000
 1.38400000000000E+0000
 1.43200000000000E+0000
 1.34100000000000E+0000
 1.25200000000000E+0000
 1.44300000000000E+0000
 1.63400000000000E+0000
 1.66000000000000E+0000
 1.68600000000000E+0000
 1.62700000000000E+0000
 1.56800000000000E+0000
 1.55900000000000E+0000
 1.53900000000000E+0000
 1.50500000000000E+0000
 1.51700000000000E+0000
 1.53000000000000E+0000
 1.50900000000000E+0000
 1.48800000000000E+0000
 1.48600000000000E+0000
 1.48400000000000E+0000
 1.57200000000000E+0000
 1.66100000000000E+0000
 1.49200000000000E+0000
 1.32100000000000E+0000
 1.20200000000000E+0000
 1.08300000000000E+0000
 1.27800000000000E+0000
 1.47500000000000E+0000
 1.46800000000000E+0000
 1.46100000000000E+0000
 1.47600000000000E+0000
 1.50600000000000E+0000
 1.50400000000000E+0000
 1.52300000000000E+0000
 1.54100000000000E+0000
 1.44300000000000E+0000
 1.34600000000000E+0000
 1.34300000000000E+0000
 1.34100000000000E+0000
 1.36300000000000E+0000
 1.38400000000000E+0000
 1.36300000000000E+0000
 1.34100000000000E+0000
 1.55800000000000E+0000
 1.77800000000000E+0000
 1.67500000000000E+0000
 1.57000000000000E+0000
 1.59900000000000E+0000
 1.62800000000000E+0000
 1.52300000000000E+0000
 1.41800000000000E+0000
 1.24100000000000E+0000
 1.06300000000000E+0000
 1.01000000000000E+0000
 9.59000000000000E-0001
 1.21900000000000E+0000
 1.47900000000000E+0000
 1.40900000000000E+0000
 1.27000000000000E+0000
 1.07000000000000E+0000
 9.90000000000000E-0001
 9.10000000000000E-0001
 8.68000000000000E-0001
 8.31000000000000E-0001
 1.08300000000000E+0000
 1.34400000000000E+0000
 8.92000000000000E-0001
 4.34000000000000E-0001
 6.46000000000000E-0001
 8.64000000000000E-0001
 1.17700000000000E+0000
 1.49400000000000E+0000
 1.47700000000000E+0000
 1.45900000000000E+0000
 1.45500000000000E+0000
 1.45200000000000E+0000
 1.51100000000000E+0000
 1.57000000000000E+0000
 1.60400000000000E+0000
 1.66800000000000E+0000
 1.01700000000000E+0000
 1.18100000000000E+0000
 1.34600000000000E+0000
 1.34800000000000E+0000
 1.35100000000000E+0000
 1.34400000000000E+0000
 1.33900000000000E+0000
 1.47000000000000E+0000
 1.60100000000000E+0000
 1.65100000000000E+0000
 1.70300000000000E+0000
 1.58400000000000E+0000
 1.46200000000000E+0000
 1.45600000000000E+0000
 1.45000000000000E+0000
 1.38700000000000E+0000
 1.32300000000000E+0000
 1.34300000000000E+0000
 1.36300000000000E+0000
 1.40900000000000E+0000
 1.45400000000000E+0000
 1.33500000000000E+0000
 1.21700000000000E+0000
 1.19500000000000E+0000
 1.15000000000000E+0000
 1.11800000000000E+0000
 1.35800000000000E+0000
 1.59100000000000E+0000
 9.40000000000000E-0001
 2.96000000000000E-0001
 2.95000000000000E-0001
 2.95000000000000E-0001
 2.95000000000000E-0001
 2.95000000000000E-0001
 2.95000000000000E-0001
 2.95000000000000E-0001
 2.95000000000000E-0001
 2.95000000000000E-0001
 2.96000000000000E-0001
 2.97000000000000E-0001
 2.98000000000000E-0001
 2.99000000000000E-0001
 6.08000000000000E-0001
 9.21000000000000E-0001
 1.59000000000000E+0000
 2.92400000000000E+0000
 3.11700000000000E+0000
 4.46400000000000E+0000
 5.82300000000000E+0000
 7.27200000000000E+0000
 8.73400000000000E+0000
 1.02040000000000E+0001
 1.16940000000000E+0001
 1.36320000000000E+0001
 1.18520000000000E+0001
 1.24590000000000E+0001
 1.30160000000000E+0001
 9.32400000000000E+0000
 5.65400000000000E+0000
 5.74900000000000E+0000
 5.84700000000000E+0000
 6.36100000000000E+0000
 6.87800000000000E+0000
 1.19150000000000E+0001
 1.70250000000000E+0001
 1.55660000000000E+0001
 1.40670000000000E+0001
 1.19670000000000E+0001
 9.84500000000000E+0000
 1.06060000000000E+0001
 1.21480000000000E+0001
 2.14270000000000E+0001
 2.18000000000000E+0001
 2.21860000000000E+0001
 2.44040000000000E+0001
 2.66200000000000E+0001
 2.54820000000000E+0001
 2.42950000000000E+0001
 1.86210000000000E+0001
 1.29940000000000E+0001
 1.16400000000000E+0001
 1.02860000000000E+0001
 9.90500000000000E+0000
 9.54700000000000E+0000
 1.09390000000000E+0001
 1.23790000000000E+0001
 1.81280000000000E+0001
 2.39100000000000E+0001
 3.77390000000000E+0001
 5.17410000000000E+0001
 3.87770000000000E+0001
 2.55890000000000E+0001
 3.80540000000000E+0001
 5.06840000000000E+0001
 5.09970000000000E+0001
 5.16110000000000E+0001
 4.49030000000000E+0001
 3.58800000000000E+0001
 2.68500000000000E+0001
 3.33610000000000E+0001
 3.97430000000000E+0001
 2.75090000000000E+0001
 1.53820000000000E+0001
 1.54910000000000E+0001
 1.55860000000000E+0001
 1.44120000000000E+0001
 1.32180000000000E+0001
 1.13110000000000E+0001
 9.41900000000000E+0000
 9.61000000000000E+0000
 9.80800000000000E+0000
 9.24600000000000E+0000
 8.67400000000000E+0000
 9.67400000000000E+0000
 1.06830000000000E+0001
 9.96900000000000E+0000
 8.52400000000000E+0000
 9.70200000000000E+0000
 8.43000000000000E+0000
 7.14500000000000E+0000
 7.71800000000000E+0000
 8.28900000000000E+0000
 8.35900000000000E+0000
 8.43000000000000E+0000
 8.61000000000000E+0000
 8.79400000000000E+0000
 9.13400000000000E+0000
 9.47600000000000E+0000
 9.58500000000000E+0000
 9.68500000000000E+0000
 8.98700000000000E+0000
 8.28100000000000E+0000
 7.40300000000000E+0000
 6.54100000000000E+0000
 7.28500000000000E+0000
 8.81000000000000E+0000
 7.22100000000000E+0000
 6.86100000000000E+0000
 6.50900000000000E+0000
 6.90000000000000E+0000
 7.29900000000000E+0000
 7.02000000000000E+0000
 6.73600000000000E+0000
 6.83300000000000E+0000
 6.93200000000000E+0000
 7.20900000000000E+0000
 7.48600000000000E+0000
 7.66100000000000E+0000
 7.99300000000000E+0000
 9.20500000000000E+0000
 1.03810000000000E+0001
 8.40300000000000E+0000
 6.42400000000000E+0000
 6.42600000000000E+0000
 6.42700000000000E+0000
 6.46800000000000E+0000
 6.53700000000000E+0000
 8.80600000000000E+0000
 1.10380000000000E+0001
 9.51400000000000E+0000
 7.93800000000000E+0000
 7.16900000000000E+0000
 6.40000000000000E+0000
 5.68000000000000E+0000
 4.96000000000000E+0000
 4.55300000000000E+0000
 3.73700000000000E+0000
 2.92000000000000E-0001
 2.86000000000000E-0001
 2.84000000000000E-0001
 2.84000000000000E-0001
 2.84000000000000E-0001
 2.84000000000000E-0001
 2.84000000000000E-0001
 2.85000000000000E-0001
 2.85000000000000E-0001
 2.86000000000000E-0001
 2.86000000000000E-0001
 2.88000000000000E-0001
 2.89000000000000E-0001
 2.90000000000000E-0001
 2.91000000000000E-0001
 2.92000000000000E-0001
 2.93000000000000E-0001
 2.94000000000000E-0001
 2.94000000000000E-0001
 3.25000000000000E-0001
 3.57000000000000E-0001
 3.70000000000000E-0001
 3.82000000000000E-0001
 3.60000000000000E-0001
 3.37000000000000E-0001
 3.29000000000000E-0001
 3.13000000000000E-0001
 3.74000000000000E-0001
 4.20000000000000E-0001
 4.67000000000000E-0001
 4.94000000000000E-0001
 5.22000000000000E-0001
 5.38000000000000E-0001
 5.54000000000000E-0001
 5.54000000000000E-0001
 5.53000000000000E-0001
 5.52000000000000E-0001
 5.52000000000000E-0001
 5.50000000000000E-0001
 5.49000000000000E-0001
 5.49000000000000E-0001
 5.49000000000000E-0001
 5.49000000000000E-0001
 5.49000000000000E-0001
 5.50000000000000E-0001
 5.52000000000000E-0001
 5.42000000000000E-0001
 5.38000000000000E-0001
 5.35000000000000E-0001
 5.14000000000000E-0001
 4.92000000000000E-0001
 3.97000000000000E-0001
 3.00000000000000E-0001
 3.01000000000000E-0001
 3.01000000000000E-0001
 3.39000000000000E-0001
 3.78000000000000E-0001
 3.67000000000000E-0001
 3.56000000000000E-0001
 3.30000000000000E-0001
 3.03000000000000E-0001
 3.04000000000000E-0001
 3.05000000000000E-0001
 3.96000000000000E-0001
 4.87000000000000E-0001
 5.28000000000000E-0001
 6.08000000000000E-0001
 5.95000000000000E-0001
 5.53000000000000E-0001
 5.10000000000000E-0001
 5.69000000000000E-0001
 6.29000000000000E-0001
 6.79000000000000E-0001
 7.29000000000000E-0001
 6.38000000000000E-0001
 5.46000000000000E-0001
 4.92000000000000E-0001
 4.38000000000000E-0001
 3.66000000000000E-0001
 5.20000000000000E-0001
 4.80000000000000E-0001
 4.39000000000000E-0001
 3.70000000000000E-0001
 3.01000000000000E-0001
 3.00000000000000E-0001
 2.99000000000000E-0001
 2.98000000000000E-0001
 2.98000000000000E-0001
 2.98000000000000E-0001
 2.97000000000000E-0001
 2.96000000000000E-0001
 2.96000000000000E-0001
 2.96000000000000E-0001
 2.96000000000000E-0001
 2.96000000000000E-0001
 2.97000000000000E-0001
 2.97000000000000E-0001
 2.97000000000000E-0001
 2.97000000000000E-0001
 2.97000000000000E-0001
 2.98000000000000E-0001
 3.00000000000000E-0001
 3.03000000000000E-0001
 3.00000000000000E-0001
 2.98000000000000E-0001
 2.98000000000000E-0001
 2.98000000000000E-0001
 2.98000000000000E-0001
 2.98000000000000E-0001
 3.60000000000000E-0001
 4.24000000000000E-0001
 4.87000000000000E-0001
 3.95000000000000E-0001
 3.04000000000000E-0001
 3.02000000000000E-0001
 3.00000000000000E-0001
 3.00000000000000E-0001
 3.00000000000000E-0001
 3.00000000000000E-0001
 3.00000000000000E-0001
 3.00000000000000E-0001
 3.00000000000000E-0001
 3.00000000000000E-0001
 3.00000000000000E-0001
 3.02000000000000E-0001
 3.05000000000000E-0001
 3.74000000000000E-0001
 4.43000000000000E-0001
 1.05800000000000E+0000
 1.67600000000000E+0000
 1.34200000000000E+0000
 6.78000000000000E-0001
 3.86000000000000E-0001
 3.42000000000000E-0001
 2.98000000000000E-0001
 2.98000000000000E-0001
 2.97000000000000E-0001
 2.97000000000000E-0001
 2.97000000000000E-0001
 2.96000000000000E-0001
 2.96000000000000E-0001
 2.96000000000000E-0001
 2.96000000000000E-0001
 2.95000000000000E-0001
 2.95000000000000E-0001
 2.95000000000000E-0001
 2.95000000000000E-0001
 2.96000000000000E-0001
 2.96000000000000E-0001
 2.96000000000000E-0001
 2.96000000000000E-0001
 2.96000000000000E-0001
 2.96000000000000E-0001
 2.96000000000000E-0001
 2.96000000000000E-0001
 2.96000000000000E-0001
 3.59000000000000E-0001
 4.23000000000000E-0001
 5.27000000000000E-0001
 6.29000000000000E-0001
 4.89000000000000E-0001
 3.49000000000000E-0001
 3.23000000000000E-0001
 2.97000000000000E-0001
 2.99000000000000E-0001
 3.01000000000000E-0001
 3.01000000000000E-0001
 3.01000000000000E-0001
 3.00000000000000E-0001
 2.99000000000000E-0001
 3.22000000000000E-0001
 3.46000000000000E-0001
 4.80000000000000E-0001
 7.37000000000000E-0001
 5.17000000000000E-0001
 2.98000000000000E-0001
 2.98000000000000E-0001
 2.98000000000000E-0001
 3.01000000000000E-0001
 3.02000000000000E-0001
 3.02000000000000E-0001
 3.02000000000000E-0001
 3.02000000000000E-0001
 3.40000000000000E-0001
 3.77000000000000E-0001
 3.39000000000000E-0001
 3.02000000000000E-0001
 3.02000000000000E-0001
 3.03000000000000E-0001
 3.03000000000000E-0001
 3.04000000000000E-0001
 3.09000000000000E-0001
 3.14000000000000E-0001
 3.79000000000000E-0001
 4.45000000000000E-0001
 4.55000000000000E-0001
 4.65000000000000E-0001
 3.84000000000000E-0001
 3.02000000000000E-0001
 3.02000000000000E-0001
 3.01000000000000E-0001
 3.10000000000000E-0001
 3.27000000000000E-0001
 3.02000000000000E-0001
 3.12000000000000E-0001
 3.21000000000000E-0001
 4.44000000000000E-0001
 5.67000000000000E-0001
 4.53000000000000E-0001
 3.39000000000000E-0001
 3.19000000000000E-0001
 2.98000000000000E-0001
 3.19000000000000E-0001
 3.40000000000000E-0001
 5.03000000000000E-0001
 6.67000000000000E-0001
 9.42000000000000E-0001
 1.21400000000000E+0000
 1.05800000000000E+0000
 8.97000000000000E-0001
 7.68000000000000E-0001
 6.39000000000000E-0001
 4.67000000000000E-0001
 3.00000000000000E-0001
 3.00000000000000E-0001
 3.00000000000000E-0001
 2.99000000000000E-0001
 2.99000000000000E-0001
 2.98000000000000E-0001
 2.98000000000000E-0001
 2.99000000000000E-0001
 3.01000000000000E-0001
 3.03000000000000E-0001
 3.19000000000000E-0001
 3.35000000000000E-0001
 3.43000000000000E-0001
 3.51000000000000E-0001
 3.61000000000000E-0001
 3.71000000000000E-0001
 3.76000000000000E-0001
 3.80000000000000E-0001
 3.66000000000000E-0001
 3.53000000000000E-0001
 3.38000000000000E-0001
 3.23000000000000E-0001
 3.17000000000000E-0001
 3.10000000000000E-0001
 3.05000000000000E-0001
 3.00000000000000E-0001
 3.00000000000000E-0001
 2.99000000000000E-0001
 2.99000000000000E-0001
 2.99000000000000E-0001
 2.99000000000000E-0001
 2.98000000000000E-0001
 2.98000000000000E-0001
 2.98000000000000E-0001
 2.98000000000000E-0001
 2.99000000000000E-0001
 2.99000000000000E-0001
 2.99000000000000E-0001
 2.99000000000000E-0001
 2.99000000000000E-0001
 2.99000000000000E-0001
 2.99000000000000E-0001
 2.99000000000000E-0001
 2.99000000000000E-0001
 2.99000000000000E-0001
 2.99000000000000E-0001
 2.99000000000000E-0001
 2.99000000000000E-0001
 3.00000000000000E-0001
 3.00000000000000E-0001
 3.01000000000000E-0001
 3.02000000000000E-0001
 3.04000000000000E-0001
 3.81000000000000E-0001
 1.55400000000000E+0000
 2.74100000000000E+0000
 5.73100000000000E+0000
 8.75000000000000E+0000
 1.24780000000000E+0001
 1.62140000000000E+0001
 2.14450000000000E+0001
 2.67240000000000E+0001
 3.20160000000000E+0001
 3.71850000000000E+0001
 2.50100000000000E+0001
 1.27970000000000E+0001
 6.77600000000000E+0000
 8.37000000000000E-0001
 7.66000000000000E-0001
 6.97000000000000E-0001
 7.17000000000000E-0001
 7.39000000000000E-0001
 1.80800000000000E+0000
 2.89300000000000E+0000
 4.62600000000000E+0000
 6.36100000000000E+0000
 9.38600000000000E+0000
 1.24420000000000E+0001
 1.29890000000000E+0001
 1.35370000000000E+0001
 1.28970000000000E+0001
 1.16270000000000E+0001
 1.48480000000000E+0001
 1.53330000000000E+0001
 1.58170000000000E+0001
 1.61240000000000E+0001
 1.64370000000000E+0001
 1.71840000000000E+0001
 1.79180000000000E+0001
 1.65870000000000E+0001
 1.52600000000000E+0001
 1.52130000000000E+0001
 1.51430000000000E+0001
 1.33830000000000E+0001
 1.16660000000000E+0001
 1.12250000000000E+0001
 1.07960000000000E+0001
 1.25880000000000E+0001
 1.44110000000000E+0001
 1.56420000000000E+0001
 1.68820000000000E+0001
 1.69580000000000E+0001
 1.70310000000000E+0001
 1.35410000000000E+0001
 1.00190000000000E+0001
 8.92600000000000E+0000
 6.73500000000000E+0000
 4.63600000000000E+0000
 3.56300000000000E+0000
 2.49500000000000E+0000
 2.14700000000000E+0000
 1.81100000000000E+0000
 3.41700000000000E+0000
 5.02200000000000E+0000
 4.97500000000000E+0000
 4.92900000000000E+0000
 4.94800000000000E+0000
 4.96000000000000E+0000
 4.58300000000000E+0000
 4.21100000000000E+0000
 3.80900000000000E+0000
 3.40400000000000E+0000
 3.49100000000000E+0000
 3.58300000000000E+0000
 4.03800000000000E+0000
 4.49900000000000E+0000
 5.10600000000000E+0000
 6.32000000000000E+0000
 1.04400000000000E+0001
 1.15210000000000E+0001
 1.26040000000000E+0001
 1.01610000000000E+0001
 7.70600000000000E+0000
 7.85900000000000E+0000
 8.01300000000000E+0000
 8.31800000000000E+0000
 8.57900000000000E+0000
 7.17600000000000E+0000
 5.81300000000000E+0000
 8.51800000000000E+0000
 1.12240000000000E+0001
 1.19950000000000E+0001
 1.33980000000000E+0001
 1.13210000000000E+0001
 9.31800000000000E+0000
 1.06130000000000E+0001
 1.32630000000000E+0001
 1.60640000000000E+0001
 1.55940000000000E+0001
 1.51000000000000E+0001
 1.32320000000000E+0001
 1.13590000000000E+0001
 9.95100000000000E+0000
 8.53000000000000E+0000
 6.76200000000000E+0000
 4.98000000000000E+0000
 4.08100000000000E+0000
 3.17800000000000E+0000
 3.22400000000000E+0000
 3.27700000000000E+0000
 4.57200000000000E+0000
 5.86800000000000E+0000
 5.96200000000000E+0000
 6.05400000000000E+0000
 5.97200000000000E+0000
 5.90000000000000E+0000
 6.72900000000000E+0000
 7.55400000000000E+0000
 7.54500000000000E+0000
 7.53600000000000E+0000
 7.05200000000000E+0000
 6.55800000000000E+0000
 6.79800000000000E+0000
 7.28900000000000E+0000
 6.57600000000000E+0000
 5.66700000000000E+0000
 4.75700000000000E+0000
 5.28000000000000E+0000
 5.81100000000000E+0000
 4.77700000000000E+0000
 3.73700000000000E+0000
 4.06200000000000E+0000
 4.38700000000000E+0000
 3.96600000000000E+0000
 3.54500000000000E+0000
 3.41300000000000E+0000
 3.28400000000000E+0000
 3.80700000000000E+0000
 4.33000000000000E+0000
 4.40800000000000E+0000
 4.50000000000000E+0000
 5.69300000000000E+0000
 6.84900000000000E+0000
 5.33400000000000E+0000
 3.85700000000000E+0000
 3.73900000000000E+0000
 3.63400000000000E+0000
 3.43700000000000E+0000
 3.23700000000000E+0000
 3.67400000000000E+0000
 4.11700000000000E+0000
 4.19000000000000E+0000
 4.26200000000000E+0000
 3.75200000000000E+0000
 3.23600000000000E+0000
 2.84700000000000E+0000
 2.06800000000000E+0000
 1.93800000000000E+0000
 1.64100000000000E+0000
 1.34400000000000E+0000
 9.35000000000000E-0001
 5.30000000000000E-0001
 9.79000000000000E-0001
 1.44500000000000E+0000
 3.27200000000000E+0000
 5.08600000000000E+0000
 4.36800000000000E+0000
 3.63700000000000E+0000
 2.45000000000000E+0000
 1.29300000000000E+0000
 1.02600000000000E+0000
 7.64000000000000E-0001
 1.04700000000000E+0000
 1.33600000000000E+0000
 2.08400000000000E+0000
 2.84200000000000E+0000
 3.57200000000000E+0000
 4.30200000000000E+0000
 3.61200000000000E+0000
 2.91400000000000E+0000
 2.17700000000000E+0000
 1.43700000000000E+0000
 1.62000000000000E+0000
 1.81600000000000E+0000
 4.38100000000000E+0000
 6.94400000000000E+0000
 5.87500000000000E+0000
 4.84400000000000E+0000
 8.16100000000000E+0000
 1.55910000000000E+0001
 4.90200000000000E+0000
 5.67900000000000E+0000
 6.44800000000000E+0000
 6.15200000000000E+0000
 5.86300000000000E+0000
 6.34400000000000E+0000
 6.83700000000000E+0000
 6.16700000000000E+0000
 5.48200000000000E+0000
 6.49000000000000E+0000
 7.51600000000000E+0000
 3.92000000000000E+0000
 3.11000000000000E-0001
 3.13000000000000E-0001
 3.18000000000000E-0001
 5.86000000000000E-0001
 8.81000000000000E-0001
 9.81100000000000E+0000
 1.87680000000000E+0001
 1.68370000000000E+0001
 1.48750000000000E+0001
 1.10040000000000E+0001
 7.14000000000000E+0000
 4.14200000000000E+0000
 1.14600000000000E+0000
 9.12000000000000E-0001
 4.52000000000000E-0001
 3.16000000000000E-0001
 3.10000000000000E-0001
 3.03000000000000E-0001
 3.04000000000000E-0001
 3.05000000000000E-0001
 3.05000000000000E-0001
 3.06000000000000E-0001
 3.09000000000000E-0001
 3.12000000000000E-0001
 3.16000000000000E-0001
 3.19000000000000E-0001
 4.68000000000000E-0001
 6.18000000000000E-0001
 1.09300000000000E+0000
 1.57500000000000E+0000
 2.80600000000000E+0000
 4.03700000000000E+0000
 2.82000000000000E+0000
 1.61700000000000E+0000
 4.11200000000000E+0000
 8.76200000000000E+0000
 5.81900000000000E+0000
 2.94900000000000E+0000
 3.63100000000000E+0000
 4.97200000000000E+0000
 5.28300000000000E+0000
 7.46500000000000E+0000
 9.59400000000000E+0000
 1.42650000000000E+0001
 1.90010000000000E+0001
 1.13720000000000E+0001
 3.58800000000000E+0000
 7.94500000000000E+0000
 1.24020000000000E+0001
 9.77500000000000E+0000
 7.10400000000000E+0000
 6.11600000000000E+0000
 5.12900000000000E+0000
 4.11800000000000E+0000
 3.10300000000000E+0000
 3.98400000000000E+0000
 4.86700000000000E+0000
 4.32900000000000E+0000
 3.25800000000000E+0000
 2.60500000000000E+0000
 3.10300000000000E+0000
 3.61000000000000E+0000
 4.57100000000000E+0000
 5.50800000000000E+0000
 3.69500000000000E+0000
 1.88600000000000E+0000
 1.44700000000000E+0000
 1.01900000000000E+0000
 4.40400000000000E+0000
 7.85400000000000E+0000
 6.83500000000000E+0000
 5.77600000000000E+0000
 5.49000000000000E+0000
 5.20600000000000E+0000
 5.95700000000000E+0000
 6.71800000000000E+0000
 7.27900000000000E+0000
 7.84000000000000E+0000
 8.76200000000000E+0000
 9.69200000000000E+0000
 1.06330000000000E+0001
 1.23530000000000E+0001
 8.32200000000000E+0000
 3.04500000000000E+0000
 8.48800000000000E+0000
 8.31300000000000E+0000
 8.13200000000000E+0000
 7.47800000000000E+0000
 6.81000000000000E+0000
 5.33900000000000E+0000
 3.87100000000000E+0000
 3.55700000000000E+0000
 3.24900000000000E+0000
 3.75900000000000E+0000
 4.27700000000000E+0000
 3.18500000000000E+0000
 2.07200000000000E+0000
 7.29100000000000E+0000
 1.25890000000000E+0001
 1.83940000000000E+0001
 2.42530000000000E+0001
 1.29870000000000E+0001
 1.71800000000000E+0000
 3.10700000000000E+0000
 5.88200000000000E+0000
 5.11800000000000E+0000
 4.97800000000000E+0000
 4.82400000000000E+0000
 2.66500000000000E+0000
 5.22000000000000E-0001
 5.22000000000000E-0001
 5.53000000000000E-0001
 3.78300000000000E+0000
 6.97800000000000E+0000
 4.76100000000000E+0000
 2.55900000000000E+0000
 2.86800000000000E+0000
 3.17200000000000E+0000
 4.41500000000000E+0000
 5.66500000000000E+0000
 5.97900000000000E+0000
 6.29000000000000E+0000
 4.57400000000000E+0000
 2.83300000000000E+0000
 3.39000000000000E+0000
 3.95800000000000E+0000
 2.95000000000000E+0000
 1.94100000000000E+0000
 1.23800000000000E+0000
 5.31000000000000E-0001
 4.61000000000000E-0001
 3.01000000000000E-0001
 3.00000000000000E-0001
 3.01000000000000E-0001
 3.01000000000000E-0001
 3.01000000000000E-0001
 3.01000000000000E-0001
 3.01000000000000E-0001
 3.02000000000000E-0001
 3.02000000000000E-0001
 3.02000000000000E-0001
 3.03000000000000E-0001
 3.03000000000000E-0001
 3.04000000000000E-0001
 3.05000000000000E-0001
 3.05000000000000E-0001
 3.05000000000000E-0001
 3.05000000000000E-0001
 3.05000000000000E-0001
 3.05000000000000E-0001
 3.05000000000000E-0001
 3.05000000000000E-0001
 3.05000000000000E-0001
 3.06000000000000E-0001
 3.06000000000000E-0001
 3.31000000000000E-0001
 3.96000000000000E-0001
 3.73900000000000E+0000
 4.74800000000000E+0000
 5.75800000000000E+0000
 5.82700000000000E+0000
 5.90000000000000E+0000
 6.30800000000000E+0000
 6.71500000000000E+0000
 6.75600000000000E+0000
 6.80000000000000E+0000
 7.06500000000000E+0000
 7.32500000000000E+0000
 8.12500000000000E+0000
 8.93000000000000E+0000
 8.74100000000000E+0000
 8.54400000000000E+0000
 9.22200000000000E+0000
 9.91000000000000E+0000
 8.94400000000000E+0000
 7.96400000000000E+0000
 8.05100000000000E+0000
 8.13900000000000E+0000
 8.70200000000000E+0000
 9.76000000000000E+0000
 1.11620000000000E+0001
 1.25360000000000E+0001
 1.15640000000000E+0001
 1.05730000000000E+0001
 8.03400000000000E+0000
 5.48600000000000E+0000
 4.48200000000000E+0000
 3.48700000000000E+0000
 3.19800000000000E+0000
 2.62900000000000E+0000
 2.24100000000000E+0000
 2.31000000000000E+0000
 2.37700000000000E+0000
 2.34300000000000E+0000
 2.30800000000000E+0000
 2.35000000000000E+0000
 2.39300000000000E+0000
 2.49800000000000E+0000
 2.60500000000000E+0000
 2.70000000000000E+0000
 2.79500000000000E+0000
 2.65900000000000E+0000
 2.52200000000000E+0000
 2.52500000000000E+0000
 2.52900000000000E+0000
 2.62900000000000E+0000
 2.73000000000000E+0000
 2.88300000000000E+0000
 3.03300000000000E+0000
 2.59200000000000E+0000
 2.15000000000000E+0000
 2.15600000000000E+0000
 2.16000000000000E+0000
 1.97100000000000E+0000
 1.78500000000000E+0000
 1.91300000000000E+0000
 2.04000000000000E+0000
 2.03100000000000E+0000
 2.01300000000000E+0000
 1.82900000000000E+0000
 1.78400000000000E+0000
 1.73900000000000E+0000
 1.74300000000000E+0000
 1.74800000000000E+0000
 1.68200000000000E+0000
 1.61500000000000E+0000
 1.62400000000000E+0000
 1.63300000000000E+0000
 1.64400000000000E+0000
 1.55000000000000E+0000
 1.48700000000000E+0000
 1.42400000000000E+0000
 1.45200000000000E+0000
 1.47900000000000E+0000
 1.45600000000000E+0000
 1.43400000000000E+0000
 1.49100000000000E+0000
 1.54900000000000E+0000
 1.62200000000000E+0000
 1.69500000000000E+0000
 1.62300000000000E+0000
 1.48300000000000E+0000
 1.45800000000000E+0000
 1.44700000000000E+0000
 1.43700000000000E+0000
 1.43900000000000E+0000
 1.44200000000000E+0000
 1.47100000000000E+0000
 1.50000000000000E+0000
 1.53900000000000E+0000
 1.57900000000000E+0000
 1.51500000000000E+0000
 1.45000000000000E+0000
 1.41900000000000E+0000
 1.38800000000000E+0000
 1.37100000000000E+0000
 1.33600000000000E+0000
 1.42000000000000E+0000
 1.41000000000000E+0000
 1.40000000000000E+0000
 1.38000000000000E+0000
 1.36200000000000E+0000
 1.44000000000000E+0000
 1.51700000000000E+0000
 1.49000000000000E+0000
 1.46400000000000E+0000
 1.44700000000000E+0000
 1.43000000000000E+0000
 1.57000000000000E+0000
 1.71300000000000E+0000
 1.68300000000000E+0000
 1.65100000000000E+0000
 1.68600000000000E+0000
 1.75300000000000E+0000
 1.74200000000000E+0000
 1.63500000000000E+0000
 1.52700000000000E+0000
 1.51800000000000E+0000
 1.51000000000000E+0000
 1.55800000000000E+0000
 1.60600000000000E+0000
 1.53800000000000E+0000
 1.46900000000000E+0000
 1.38000000000000E+0000
 1.29000000000000E+0000
 1.28100000000000E+0000
 1.27200000000000E+0000
 1.31000000000000E+0000
 1.38700000000000E+0000
 1.57800000000000E+0000
 1.55300000000000E+0000
 1.52700000000000E+0000
 1.42700000000000E+0000
 1.32300000000000E+0000
 1.36300000000000E+0000
 1.40400000000000E+0000
 1.44300000000000E+0000
 1.48200000000000E+0000
 1.44500000000000E+0000
 1.40800000000000E+0000
 1.39500000000000E+0000
 1.38200000000000E+0000
 1.37800000000000E+0000
 1.37300000000000E+0000
 1.34600000000000E+0000
 1.31900000000000E+0000
 1.31700000000000E+0000
 1.31300000000000E+0000
 1.28700000000000E+0000
 1.27100000000000E+0000
 1.25500000000000E+0000
 1.25100000000000E+0000
 1.24600000000000E+0000
 1.25700000000000E+0000
 1.26800000000000E+0000
 1.26800000000000E+0000
 1.26900000000000E+0000
 1.31600000000000E+0000
 1.36400000000000E+0000
 1.29600000000000E+0000
 1.22700000000000E+0000
 1.25500000000000E+0000
 1.28400000000000E+0000
 1.29500000000000E+0000
 1.30500000000000E+0000
 1.27200000000000E+0000
 1.23800000000000E+0000
 1.25300000000000E+0000
 1.28300000000000E+0000
 1.26000000000000E+0000
 1.28000000000000E+0000
 1.30000000000000E+0000
 1.26300000000000E+0000
 1.22600000000000E+0000
 1.26200000000000E+0000
 1.29700000000000E+0000
 1.27700000000000E+0000
 1.25700000000000E+0000
 1.26700000000000E+0000
 1.27700000000000E+0000
 1.28800000000000E+0000
 1.29900000000000E+0000
 1.25900000000000E+0000
 1.21700000000000E+0000
 1.24600000000000E+0000
 1.27500000000000E+0000
 1.39200000000000E+0000
 1.51100000000000E+0000
 1.69300000000000E+0000
 2.05900000000000E+0000
 1.92800000000000E+0000
 2.20500000000000E+0000
 2.48100000000000E+0000
 2.48100000000000E+0000
 2.47900000000000E+0000
 2.09100000000000E+0000
 1.70000000000000E+0000
 1.64300000000000E+0000
 1.58500000000000E+0000
 1.55400000000000E+0000
 1.52300000000000E+0000
 1.43500000000000E+0000
 1.34900000000000E+0000
 1.33800000000000E+0000
 1.32700000000000E+0000
 1.30700000000000E+0000
 1.28700000000000E+0000
 1.31200000000000E+0000
 1.35800000000000E+0000
 1.31500000000000E+0000
 1.29600000000000E+0000
 1.27700000000000E+0000
 1.31800000000000E+0000
 1.36000000000000E+0000
 1.40200000000000E+0000
 1.44500000000000E+0000
 1.49100000000000E+0000
 1.53700000000000E+0000
 1.55000000000000E+0000
 1.56300000000000E+0000
 1.51000000000000E+0000
 1.45800000000000E+0000
 1.43600000000000E+0000
 1.41300000000000E+0000
 1.42300000000000E+0000
 1.44000000000000E+0000
 1.38500000000000E+0000
 1.37900000000000E+0000
 1.37400000000000E+0000
 1.45500000000000E+0000
 1.53500000000000E+0000
 1.49400000000000E+0000
 1.45400000000000E+0000
 1.51800000000000E+0000
 1.58200000000000E+0000
 1.59400000000000E+0000
 1.60600000000000E+0000
 1.63000000000000E+0000
 1.65500000000000E+0000
 1.62100000000000E+0000
 1.58600000000000E+0000
 1.63000000000000E+0000
 1.67500000000000E+0000
 1.68200000000000E+0000
 1.69500000000000E+0000
 1.73500000000000E+0000
 1.68800000000000E+0000
 1.64000000000000E+0000
 1.62800000000000E+0000
 1.61600000000000E+0000
 1.60600000000000E+0000
 1.59600000000000E+0000
 1.65000000000000E+0000
 1.70400000000000E+0000
 1.73700000000000E+0000
 1.77000000000000E+0000
 1.75200000000000E+0000
 1.73500000000000E+0000
 1.71200000000000E+0000
 1.70700000000000E+0000
 1.70700000000000E+0000
 1.70700000000000E+0000
 1.67600000000000E+0000
 1.64500000000000E+0000
 1.64000000000000E+0000
 1.63000000000000E+0000
 1.65500000000000E+0000
 1.69700000000000E+0000
 1.73800000000000E+0000
 1.79200000000000E+0000
 1.84700000000000E+0000
 1.86000000000000E+0000
 1.87200000000000E+0000
 1.84600000000000E+0000
 1.82100000000000E+0000
 1.83000000000000E+0000
 1.84000000000000E+0000
 1.87300000000000E+0000
 1.90600000000000E+0000
 1.87000000000000E+0000
 1.83400000000000E+0000
 1.81400000000000E+0000
 1.79500000000000E+0000
 1.80200000000000E+0000
 1.81700000000000E+0000
 1.74200000000000E+0000
 1.77800000000000E+0000
 1.81500000000000E+0000
