  -.408292348339639765E-03
  -.182468727538694786E-04
  0.362559518301452143E-03
  0.632368735761226119E-03
  0.689455133639412576E-03
  0.447891402934311599E-03
  -.146708301067431268E-03
  -.110363162794839064E-02
  -.237780846593944472E-02
  -.386662443248132792E-02
  -.541398494440875488E-02
  -.682199940540950677E-02
  -.786972232235432755E-02
  -.833743797094528460E-02
  -.803412526159576145E-02
  -.682510374538458108E-02
  -.465653615723984515E-02
  -.157351220222461529E-02
  0.227111410369986499E-02
  0.661913862682986220E-02
  0.111215504741013204E-01
  0.153647611821135754E-01
  0.189067035455996279E-01
  0.213197158515344753E-01
  0.222361180601332542E-01
  0.213917690054246367E-01
  0.186627630931378813E-01
  0.140908254778231389E-01
  0.789388197086261556E-02
  0.459639942774971821E-03
  -.767830867796855365E-02
  -.158805310393536931E-01
  -.234548403360775159E-01
  -.297177953374935412E-01
  -.340588759769128213E-01
  -.360010519026146447E-01
  -.352515541044626257E-01
  -.317374059636185723E-01
  -.256216115285522283E-01
  -.172977111298133534E-01
  -.736251871203460872E-02
  0.343096349606596984E-02
  0.142364273236387006E-01
  0.241872501566245778E-01
  0.324727944703395099E-01
  0.384107752177850159E-01
  0.415087450880601238E-01
  0.415087450880601238E-01
  0.384107752177850159E-01
  0.324727944703395099E-01
  0.241872501566245778E-01
  0.142364273236387006E-01
  0.343096349606596984E-02
  -.736251871203460872E-02
  -.172977111298133534E-01
  -.256216115285522283E-01
  -.317374059636185723E-01
  -.352515541044626257E-01
  -.360010519026146447E-01
  -.340588759769128213E-01
  -.297177953374935412E-01
  -.234548403360775159E-01
  -.158805310393536931E-01
  -.767830867796855365E-02
  0.459639942774971821E-03
  0.789388197086261556E-02
  0.140908254778231389E-01
  0.186627630931378813E-01
  0.213917690054246367E-01
  0.222361180601332542E-01
  0.213197158515344753E-01
  0.189067035455996279E-01
  0.153647611821135754E-01
  0.111215504741013204E-01
  0.661913862682986220E-02
  0.227111410369986499E-02
  -.157351220222461529E-02
  -.465653615723984515E-02
  -.682510374538458108E-02
  -.803412526159576145E-02
  -.833743797094528460E-02
  -.786972232235432755E-02
  -.682199940540950677E-02
  -.541398494440875488E-02
  -.386662443248132792E-02
  -.237780846593944472E-02
  -.110363162794839064E-02
  -.146708301067431268E-03
  0.447891402934311599E-03
  0.689455133639412576E-03
  0.632368735761226119E-03
  0.362559518301452143E-03
  -.182468727538694786E-04
  -.408292348339639765E-03
