 5.00000000000114E-0002  -2.54998588654871E-0001
 1.00000000000023E-0001  -8.28251956288113E-0001
 1.50000000000091E-0001  -9.49919229242369E-0001
 2.00000000000045E-0001  -1.24467135606574E+0000
 2.50000000000000E-0001  -1.46072449569328E+0000
 3.00000000000182E-0001  -1.73023587822900E+0000
 3.50000000000364E-0001  -2.23260577210021E+0000
 4.00000000000546E-0001  -2.10270532714640E+0000
 4.50000000000728E-0001  -1.41570659987337E+0000
 5.00000000000909E-0001  -1.14710144158948E-0001
 5.50000000001091E-0001   1.03497303561198E+0000
 6.00000000001273E-0001   1.71547000636929E+0000
 6.50000000001455E-0001   1.93762348550808E+0000
 7.00000000001637E-0001   1.66098050562687E+0000
 7.50000000001819E-0001   1.25344483839035E+0000
 8.00000000002001E-0001   7.96908914294363E-0001
 8.50000000002183E-0001  -1.66262276162570E-0001
 9.00000000002365E-0001  -1.53987608878560E+0000
 9.50000000002547E-0001  -2.72110450628315E+0000
 1.00000000000182E+0000  -3.81143883052937E+0000
 1.05000000000109E+0000  -5.36324728814361E+0000
 1.10000000000036E+0000  -7.55572014504287E+0000
 1.14999999999964E+0000  -9.41671338830201E+0000
 1.19999999999891E+0000  -1.04189635662624E+0001
 1.24999999999818E+0000  -1.02163687411376E+0001
 1.29999999999745E+0000  -9.63309396430850E+0000
 1.34999999999673E+0000  -8.66730330850987E+0000
 1.39999999999600E+0000  -7.42863138643588E+0000
 1.44999999999527E+0000  -5.52743690110947E+0000
 1.49999999999454E+0000  -3.04639188954752E+0000
 1.54999999999382E+0000  -4.36994478879114E-0001
 1.59999999999309E+0000   2.32186328885655E+0000
 1.64999999999236E+0000   5.81326562922186E+0000
 1.69999999999163E+0000   8.83882582276419E+0000
 1.74999999999091E+0000   1.14047991108237E+0001
 1.79999999999018E+0000   1.23549976927898E+0001
 1.84999999998945E+0000   1.22610037766426E+0001
 1.89999999998872E+0000   1.10516198983532E+0001
 1.94999999998799E+0000   8.83869397830858E+0000
 1.99999999998727E+0000   6.01726796211733E+0000
 2.04999999998836E+0000   2.28096425889089E+0000
 2.09999999998763E+0000  -2.00897569248991E+0000
 2.14999999998690E+0000  -5.82092364089476E+0000
 2.19999999998618E+0000  -8.49412833397218E+0000
 2.24999999998545E+0000  -1.01868310959107E+0001
 2.29999999998472E+0000  -1.09785871833155E+0001
 2.34999999998399E+0000  -1.06407513995946E+0001
 2.39999999998327E+0000  -8.58211238215154E+0000
 2.44999999998254E+0000  -5.06463199512655E+0000
 2.49999999998181E+0000  -1.19333398624804E+0000
 2.54999999998108E+0000   3.00689605731532E+0000
 2.59999999998035E+0000   6.97427040719776E+0000
 2.64999999997963E+0000   1.03830431758106E+0001
 2.69999999997890E+0000   1.21784501712682E+0001
 2.74999999997817E+0000   1.24462848701951E+0001
 2.79999999997744E+0000   1.08186478736025E+0001
 2.84999999997672E+0000   7.95867864396132E+0000
 2.89999999997599E+0000   4.80507335427683E+0000
 2.94999999997526E+0000   8.91568628680943E-0001
 2.99999999997453E+0000  -2.61739440008751E+0000
 3.04999999997381E+0000  -6.25428448276944E+0000
 3.09999999997308E+0000  -8.87113812591997E+0000
 3.14999999997235E+0000  -1.08329724310897E+0001
 3.19999999997162E+0000  -1.18365167231095E+0001
 3.24999999997090E+0000  -1.19788337149803E+0001
 3.29999999997017E+0000  -1.07964043184911E+0001
 3.34999999996944E+0000  -8.99586503063620E+0000
 3.39999999996871E+0000  -6.69377555360552E+0000
 3.44999999996799E+0000  -3.91030589752336E+0000
 3.49999999996726E+0000  -2.59333857985894E-0001
 3.54999999996653E+0000   3.92360589357122E+0000
 3.59999999996580E+0000   7.81400203290832E+0000
 3.64999999996508E+0000   1.07477590490162E+0001
 3.69999999996435E+0000   1.32033509737521E+0001
 3.74999999996362E+0000   1.51797103514982E+0001
 3.79999999996289E+0000   1.59398729679233E+0001
 3.84999999996217E+0000   1.54293014783616E+0001
 3.89999999996144E+0000   1.28855554484762E+0001
 3.94999999996071E+0000   8.98491645726608E+0000
 3.99999999995998E+0000   4.31373695615912E+0000
 4.04999999995925E+0000  -8.30971310659152E-0001
 4.09999999996217E+0000  -5.43177589982952E+0000
 4.14999999996508E+0000  -9.00883057755709E+0000
 4.19999999996799E+0000  -1.13401029813394E+0001
 4.24999999997090E+0000  -1.30217641145282E+0001
 4.29999999997381E+0000  -1.30421597346431E+0001
 4.34999999997672E+0000  -1.14492576754856E+0001
 4.39999999997963E+0000  -8.38070164680539E+0000
 4.44999999998254E+0000  -4.04953304991795E+0000
 4.49999999998545E+0000   8.79627725009414E-0001
 4.54999999998836E+0000   5.73537801838393E+0000
 4.59999999999127E+0000   1.02573255689349E+0001
 4.64999999999418E+0000   1.34039087634592E+0001
 4.69999999999709E+0000   1.48810249197995E+0001
 4.75000000000000E+0000   1.42859052467393E+0001
 4.80000000000291E+0000   1.25330047898169E+0001
 4.85000000000582E+0000   9.50387701482396E+0000
 4.90000000000873E+0000   6.45642928957386E+0000
 4.95000000001164E+0000   2.56454135371314E+0000
 5.00000000001455E+0000  -1.78043658818933E+0000
 5.05000000001746E+0000  -5.92573201136111E+0000
 5.10000000002037E+0000  -9.56256017751002E+0000
 5.15000000002328E+0000  -1.24700178618223E+0001
 5.20000000002619E+0000  -1.44272726461786E+0001
 5.25000000002910E+0000  -1.52611348448117E+0001
 5.30000000003201E+0000  -1.48237303529168E+0001
 5.35000000003492E+0000  -1.30760640554654E+0001
 5.40000000003783E+0000  -1.02172253663011E+0001
 5.45000000004075E+0000  -6.03941590309114E+0000
 5.50000000004366E+0000  -1.06129103802959E+0000
 5.55000000004657E+0000   4.14106163364340E+0000
 5.60000000004948E+0000   9.03055804922769E+0000
 5.65000000005239E+0000   1.30815975517035E+0001
 5.70000000005530E+0000   1.52968195620342E+0001
 5.75000000005821E+0000   1.58442190088972E+0001
 5.80000000006112E+0000   1.44450596136012E+0001
 5.85000000006403E+0000   1.12525185367558E+0001
 5.90000000006694E+0000   6.77144953924289E+0000
 5.95000000006985E+0000   2.03662254631126E+0000
 6.00000000007276E+0000  -2.82085440153969E+0000
 6.05000000007567E+0000  -7.15666590499313E+0000
 6.10000000007858E+0000  -1.07563576695538E+0001
 6.15000000008149E+0000  -1.27646833291510E+0001
 6.20000000008440E+0000  -1.35440098033432E+0001
 6.25000000008731E+0000  -1.33239958218182E+0001
 6.30000000009022E+0000  -1.18671038291650E+0001
 6.35000000009313E+0000  -8.72327457135543E+0000
 6.40000000009604E+0000  -5.17159364457621E+0000
 6.45000000009895E+0000  -5.16600338259195E-0001
 6.50000000010186E+0000   5.08702096596244E+0000
 6.55000000010477E+0000   1.02497220226360E+0001
 6.60000000010768E+0000   1.42569927078584E+0001
 6.65000000011059E+0000   1.72699228257698E+0001
 6.70000000011350E+0000   1.86265127130609E+0001
 6.75000000011642E+0000   1.79408895629458E+0001
 6.80000000011933E+0000   1.54135196035058E+0001
 6.85000000012224E+0000   1.09380464419373E+0001
 6.90000000012515E+0000   5.59336905839882E+0000
 6.95000000012806E+0000  -1.86792314903414E-0001
 7.00000000013097E+0000  -5.94530407874845E+0000
 7.05000000013388E+0000  -1.12167150721798E+0001
 7.10000000013679E+0000  -1.54608882203174E+0001
 7.15000000013970E+0000  -1.79890246983559E+0001
 7.20000000014261E+0000  -1.87309884155402E+0001
 7.25000000014552E+0000  -1.78712431509048E+0001
 7.30000000014843E+0000  -1.55833566024230E+0001
 7.35000000015134E+0000  -1.13679479551938E+0001
 7.40000000015425E+0000  -5.96021025907248E+0000
 7.45000000015716E+0000   1.29040994740279E-0002
 7.50000000016007E+0000   5.90207687532529E+0000
 7.55000000016298E+0000   1.14131047099654E+0001
 7.60000000016589E+0000   1.65703332741396E+0001
 7.65000000016880E+0000   2.09396817762172E+0001
 7.70000000017171E+0000   2.34280474965053E+0001
 7.75000000017462E+0000   2.38148250522499E+0001
 7.80000000017753E+0000   2.23875212587300E+0001
 7.85000000018044E+0000   1.88938935994229E+0001
 7.90000000018335E+0000   1.36388648383581E+0001
 7.95000000018626E+0000   7.42803382706916E+0000
 8.00000000018917E+0000   4.16178974726336E-0001
 8.05000000019209E+0000  -6.96969546555920E+0000
 8.10000000019500E+0000  -1.45534283577144E+0001
 8.15000000019791E+0000  -2.13443081636215E+0001
 8.20000000020082E+0000  -2.60938523653313E+0001
 8.25000000020373E+0000  -2.82140990770131E+0001
 8.30000000020664E+0000  -2.80948239786376E+0001
 8.35000000020955E+0000  -2.54788079946593E+0001
 8.40000000021246E+0000  -1.96761385865393E+0001
 8.45000000021537E+0000  -1.14386718958995E+0001
 8.50000000021828E+0000  -1.67803670253306E+0000
 8.55000000022119E+0000   7.90304306449980E+0000
 8.60000000022410E+0000   1.59813798592077E+0001
 8.65000000022701E+0000   2.25246926933760E+0001
 8.70000000022992E+0000   2.64437663514400E+0001
 8.75000000023283E+0000   2.73342539430887E+0001
 8.80000000023574E+0000   2.56025791692664E+0001
 8.85000000023865E+0000   2.16899335108174E+0001
 8.90000000024156E+0000   1.62411781380652E+0001
 8.95000000024447E+0000   9.01211780638550E+0000
 9.00000000024738E+0000   1.07771893724748E+0000
 9.05000000025029E+0000  -6.88264504548715E+0000
 9.10000000025320E+0000  -1.34237167874962E+0001
 9.15000000025611E+0000  -1.87860592528305E+0001
 9.20000000025902E+0000  -2.28620070602046E+0001
 9.25000000026193E+0000  -2.49471762385219E+0001
 9.30000000026484E+0000  -2.47558547392546E+0001
 9.35000000026776E+0000  -2.26348120550392E+0001
 9.40000000027067E+0000  -1.88826391373295E+0001
 9.45000000027358E+0000  -1.32605937189364E+0001
 9.50000000027649E+0000  -7.00028643550468E+0000
 9.55000000027940E+0000  -6.89710359485616E-0001
 9.60000000028231E+0000   5.68855654792424E+0000
 9.65000000028522E+0000   1.15536550231045E+0001
 9.70000000028813E+0000   1.56866015305568E+0001
 9.75000000029104E+0000   1.87076872677426E+0001
 9.80000000029395E+0000   1.97347162355145E+0001
 9.85000000029686E+0000   1.90535546622996E+0001
 9.90000000029977E+0000   1.69864628149371E+0001
 9.95000000030268E+0000   1.33291795703553E+0001
 1.00000000003056E+0001   8.33669118046237E+0000
 1.00500000003085E+0001   2.24054376397544E+0000
 1.01000000003114E+0001  -4.43039743554982E+0000
 1.01500000003143E+0001  -1.05695539807202E+0001
 1.02000000003172E+0001  -1.56367557154299E+0001
 1.02500000003201E+0001  -1.88162684286654E+0001
 1.03000000003231E+0001  -1.97489623603760E+0001
 1.03500000003260E+0001  -1.88008015422383E+0001
 1.04000000003289E+0001  -1.66597468653636E+0001
 1.04500000003318E+0001  -1.34863469968841E+0001
 1.05000000003347E+0001  -8.75946545576153E+0000
 1.05500000003376E+0001  -3.18734271470748E+0000
 1.06000000003405E+0001   2.68487999366698E+0000
 1.06500000003434E+0001   8.18907787023636E+0000
 1.07000000003463E+0001   1.25955751361034E+0001
 1.07500000003492E+0001   1.56942076603736E+0001
 1.08000000003522E+0001   1.70828504910460E+0001
 1.08500000003551E+0001   1.67635923222406E+0001
 1.09000000003580E+0001   1.44741526493599E+0001
 1.09500000003609E+0001   1.05178694027418E+0001
 1.10000000003638E+0001   5.28249132894416E+0000
 1.10500000003667E+0001  -2.99746880627481E-0001
 1.11000000003696E+0001  -5.23272995690058E+0000
 1.11500000003725E+0001  -9.47242789134907E+0000
 1.12000000003754E+0001  -1.26448709164688E+0001
 1.12500000003783E+0001  -1.47796817917551E+0001
 1.13000000003813E+0001  -1.54682927793474E+0001
 1.13500000003842E+0001  -1.47661153536901E+0001
 1.14000000003871E+0001  -1.28850747806864E+0001
 1.14500000003900E+0001  -1.01128392641258E+0001
 1.15000000003929E+0001  -6.36862654014112E+0000
 1.15500000003958E+0001  -1.60474539309325E+0000
 1.16000000003987E+0001   3.81492951737528E+0000
 1.16500000004016E+0001   9.64805547388096E+0000
 1.17000000004045E+0001   1.50364700426144E+0001
 1.17500000004075E+0001   1.88591716345982E+0001
 1.18000000004104E+0001   2.09881021390029E+0001
 1.18500000004133E+0001   2.03591246445430E+0001
 1.19000000004162E+0001   1.74153240366431E+0001
 1.19500000004191E+0001   1.26016449283197E+0001
 1.20000000004220E+0001   6.60390126693528E+0000
 1.20500000004249E+0001   5.92246114233603E-0002
 1.21000000004278E+0001  -6.04955524083925E+0000
 1.21500000004307E+0001  -1.18573173103214E+0001
 1.22000000004336E+0001  -1.68305110268411E+0001
 1.22500000004366E+0001  -2.00027220070479E+0001
 1.23000000004395E+0001  -2.06456591479073E+0001
 1.23500000004424E+0001  -1.92178313373006E+0001
 1.24000000004453E+0001  -1.57634373449982E+0001
 1.24500000004482E+0001  -1.11753072635038E+0001
 1.25000000004511E+0001  -5.75674051429087E+0000
 1.25500000004540E+0001   5.84967268508990E-0001
 1.26000000004569E+0001   6.39001030636427E+0000
 1.26500000004598E+0001   1.11579495526967E+0001
 1.27000000004628E+0001   1.46505156678759E+0001
 1.27500000004657E+0001   1.69245812922309E+0001
 1.28000000004686E+0001   1.76984983160510E+0001
 1.28500000004715E+0001   1.70452105799341E+0001
 1.29000000004744E+0001   1.49558009109605E+0001
 1.29500000004773E+0001   1.13526767224103E+0001
 1.30000000004802E+0001   7.12620673195488E+0000
 1.30500000004831E+0001   2.18855493389856E+0000
 1.31000000004860E+0001  -2.80731185535842E+0000
 1.31500000004889E+0001  -6.97429597363225E+0000
 1.32000000004919E+0001  -1.02991455041192E+0001
 1.32500000004948E+0001  -1.26973235724145E+0001
 1.33000000004977E+0001  -1.40023807330726E+0001
 1.33500000005006E+0001  -1.39200568971573E+0001
 1.34000000005035E+0001  -1.27194602895033E+0001
 1.34500000005064E+0001  -1.04295918369899E+0001
 1.35000000005093E+0001  -7.33868460881786E+0000
 1.35500000005122E+0001  -4.19319399912638E+0000
 1.36000000005151E+0001  -1.04608546376949E+0000
 1.36500000005180E+0001   1.77273189688458E+0000
 1.37000000005210E+0001   4.55264195289055E+0000
 1.37500000005239E+0001   7.63776154896914E+0000
 1.38000000005268E+0001   1.02504999877565E+0001
 1.38500000005297E+0001   1.20412060267263E+0001
 1.39000000005326E+0001   1.22868738568359E+0001
 1.39500000005355E+0001   1.13951650435338E+0001
 1.40000000005384E+0001   9.49062653491274E+0000
 1.40500000005413E+0001   6.81428977074393E+0000
 1.41000000005442E+0001   3.62324660263403E+0000
 1.41500000005472E+0001   3.47147755135779E-0002
 1.42000000005501E+0001  -3.65133348691234E+0000
 1.42500000005530E+0001  -7.44934702418686E+0000
 1.43000000005559E+0001  -1.04740625585255E+0001
 1.43500000005588E+0001  -1.21679230230220E+0001
 1.44000000005617E+0001  -1.26169148028421E+0001
 1.44500000005646E+0001  -1.14003321247001E+0001
 1.45000000005675E+0001  -8.75608390425623E+0000
 1.45500000005704E+0001  -4.73439687618520E+0000
 1.46000000005733E+0001  -2.87565425392131E-0001
 1.46500000005763E+0001   3.84303208060010E+0000
 1.47000000005792E+0001   7.54031130076328E+0000
 1.47500000005821E+0001   1.04033643872244E+0001
 1.48000000005850E+0001   1.23807555012172E+0001
 1.48500000005879E+0001   1.29559900955646E+0001
 1.49000000005908E+0001   1.22881137197837E+0001
 1.49500000005937E+0001   1.06427094285027E+0001
 1.50000000005966E+0001   7.78047138493275E+0000
 1.50500000005995E+0001   4.60739305899915E+0000
 1.51000000006024E+0001   1.50486349198582E+0000
 1.51500000006054E+0001  -2.47386745703625E+0000
 1.52000000006083E+0001  -6.56168874460855E+0000
 1.52500000006112E+0001  -9.96385943092173E+0000
 1.53000000006141E+0001  -1.28312459452281E+0001
 1.53500000006170E+0001  -1.40792946132133E+0001
 1.54000000006199E+0001  -1.38638839940249E+0001
 1.54500000006228E+0001  -1.18950060916250E+0001
 1.55000000006257E+0001  -8.33655462297611E+0000
 1.55500000006286E+0001  -3.99689233462050E+0000
 1.56000000006316E+0001   9.16190640430614E-0001
 1.56500000006345E+0001   5.49383657643193E+0000
 1.57000000006374E+0001   9.46325944490673E+0000
 1.57500000006403E+0001   1.18712885229179E+0001
 1.58000000006432E+0001   1.24408863220306E+0001
 1.58500000006461E+0001   1.12212883232132E+0001
 1.59000000006490E+0001   9.12830024167488E+0000
 1.59500000006519E+0001   6.35913641477237E+0000
 1.60000000006403E+0001   2.59835019112143E+0000
 1.60500000006286E+0001  -1.43122614328786E+0000
 1.61000000006170E+0001  -5.51714384779189E+0000
 1.61500000006054E+0001  -8.94747031037696E+0000
 1.62000000005937E+0001  -1.15720756191586E+0001
 1.62500000005821E+0001  -1.27332557859772E+0001
 1.63000000005704E+0001  -1.29386102493445E+0001
 1.63500000005588E+0001  -1.19939451781684E+0001
 1.64000000005472E+0001  -1.01238247177098E+0001
 1.64500000005355E+0001  -7.49887920610490E+0000
 1.65000000005239E+0001  -3.70507606477258E+0000
 1.65500000005122E+0001   6.50830667472292E-0001
 1.66000000005006E+0001   4.63069638235174E+0000
 1.66500000004889E+0001   7.74303123167192E+0000
 1.67000000004773E+0001   1.05779209273169E+0001
 1.67500000004657E+0001   1.27290437756601E+0001
 1.68000000004540E+0001   1.37263012671756E+0001
 1.68500000004424E+0001   1.40652833420900E+0001
 1.69000000004307E+0001   1.29286398086406E+0001
 1.69500000004191E+0001   1.08668882692000E+0001
 1.70000000004075E+0001   8.01070862480265E+0000
 1.70500000003958E+0001   4.50240609217144E+0000
 1.71000000003842E+0001   3.97350218851898E-0001
 1.71500000003725E+0001  -4.09456871035945E+0000
 1.72000000003609E+0001  -8.27401691426348E+0000
 1.72500000003492E+0001  -1.19903573798510E+0001
 1.73000000003376E+0001  -1.50091804848198E+0001
 1.73500000003260E+0001  -1.61882115970366E+0001
 1.74000000003143E+0001  -1.54672141006886E+0001
 1.74500000003027E+0001  -1.31251339904848E+0001
 1.75000000002910E+0001  -9.55314023517712E+0000
 1.75500000002794E+0001  -5.77207123265543E+0000
 1.76000000002678E+0001  -1.21770933746484E+0000
 1.76500000002561E+0001   3.19122586545200E+0000
 1.77000000002445E+0001   7.11124726980779E+0000
 1.77500000002328E+0001   9.98967077821726E+0000
 1.78000000002212E+0001   1.10288012349192E+0001
 1.78500000002095E+0001   1.05339279857581E+0001
 1.79000000001979E+0001   8.29722457323805E+0000
 1.79500000001863E+0001   5.26099308510311E+0000
 1.80000000001746E+0001   2.11298396711572E+0000
 1.80500000001630E+0001  -1.17307475045163E+0000
 1.81000000001513E+0001  -4.06285730031959E+0000
 1.81500000001397E+0001  -6.84048746526241E+0000
 1.82000000001281E+0001  -9.25060375765315E+0000
 1.82500000001164E+0001  -1.09704829276161E+0001
 1.83000000001048E+0001  -1.16473887835746E+0001
 1.83500000000931E+0001  -1.11356394254399E+0001
 1.84000000000815E+0001  -9.99583686949336E+0000
 1.84500000000698E+0001  -8.37988944171229E+0000
 1.85000000000582E+0001  -6.08245603093383E+0000
 1.85500000000466E+0001  -2.90637790232358E+0000
 1.86000000000349E+0001   3.99583361007444E-0001
 1.86500000000233E+0001   3.54222432266761E+0000
 1.87000000000116E+0001   5.80412534142670E+0000
 1.87500000000000E+0001   7.29444899272494E+0000
 1.87999999999884E+0001   7.72978409073403E+0000
 1.88499999999767E+0001   7.29490248213551E+0000
 1.88999999999651E+0001   6.09453511115134E+0000
 1.89499999999534E+0001   3.79226793705311E+0000
 1.89999999999418E+0001   1.39650968487513E+0000
 1.90499999999302E+0001  -8.11146411496338E-0001
 1.90999999999185E+0001  -3.31615847747889E+0000
 1.91499999999069E+0001  -6.12990074696427E+0000
 1.91999999998952E+0001  -8.14790588154574E+0000
 1.92499999998836E+0001  -9.16096058947733E+0000
 1.92999999998719E+0001  -8.92189375613816E+0000
 1.93499999998603E+0001  -7.70880631979526E+0000
 1.93999999998487E+0001  -5.84043163126626E+0000
 1.94499999998370E+0001  -3.94042271082071E+0000
 1.94999999998254E+0001  -1.69096300935598E+0000
 1.95499999998137E+0001   9.89440709748123E-0001
 1.95999999998021E+0001   4.25609064155287E+0000
 1.96499999997905E+0001   7.83309635381738E+0000
 1.96999999997788E+0001   1.06459456416342E+0001
 1.97499999997672E+0001   1.26445644818305E+0001
 1.97999999997555E+0001   1.36186612642487E+0001
 1.98499999997439E+0001   1.29448909379134E+0001
 1.98999999997322E+0001   1.10830901736772E+0001
 1.99499999997206E+0001   8.74082423669461E+0000
 1.99999999997090E+0001   5.92117560251791E+0000
 2.00499999996973E+0001   2.83077104462427E+0000
 2.00999999996857E+0001   4.30312268702551E-0002
 2.01499999996740E+0001  -3.23155321439845E+0000
 2.01999999996624E+0001  -5.85236572498980E+0000
 2.02499999996508E+0001  -7.45016972738813E+0000
 2.02999999996391E+0001  -8.57014027134574E+0000
 2.03499999996275E+0001  -8.69556716442457E+0000
 2.03999999996158E+0001  -8.31208371718822E+0000
 2.04499999996042E+0001  -7.67048055646592E+0000
 2.04999999995925E+0001  -6.51092326115759E+0000
 2.05499999995809E+0001  -4.64544808043865E+0000
 2.05999999995693E+0001  -2.72170258063488E+0000
 2.06499999995576E+0001  -1.25050726510199E+0000
 2.06999999995460E+0001  -5.55635848882048E-0001
 2.07499999995343E+0001   1.02803156224763E+0000
 2.07999999995227E+0001   2.51904895084954E+0000
 2.08499999995111E+0001   3.86149231174568E+0000
 2.08999999994994E+0001   4.84454532952805E+0000
 2.09499999994878E+0001   5.23940434365795E+0000
 2.09999999994761E+0001   5.06397682977695E+0000
 2.10499999994645E+0001   4.50796382026601E+0000
 2.10999999994528E+0001   3.58649774663354E+0000
 2.11499999994412E+0001   2.43643930217149E+0000
 2.11999999994296E+0001   9.36941892604409E-0001
 2.12499999994179E+0001  -8.18485420456454E-0001
 2.12999999994063E+0001  -2.65524162390648E+0000
 2.13499999993946E+0001  -4.39156073141930E+0000
 2.13999999993830E+0001  -5.76644195339759E+0000
 2.14499999993714E+0001  -7.24087925419008E+0000
 2.14999999993597E+0001  -8.67286361625884E+0000
 2.15499999993481E+0001  -9.59564745366515E+0000
 2.15999999993364E+0001  -9.82239643056528E+0000
 2.16499999993248E+0001  -9.30855113394500E+0000
 2.16999999993131E+0001  -8.25356177815411E+0000
 2.17499999993015E+0001  -6.72281738387392E+0000
 2.17999999992899E+0001  -4.66009413277789E+0000
 2.18499999992782E+0001  -1.97814913064576E+0000
 2.18999999992666E+0001   9.94803219851747E-0001
 2.19499999992549E+0001   4.23362853440631E+0000
 2.19999999992433E+0001   6.99788926733163E+0000
 2.20499999992317E+0001   8.62306306112441E+0000
 2.20999999992200E+0001   9.24364003023948E+0000
 2.21499999992084E+0001   8.67470520622737E+0000
 2.21999999991967E+0001   6.89165613908699E+0000
 2.22499999991851E+0001   4.68332725233631E+0000
 2.22999999991735E+0001   1.77976988836599E+0000
 2.23499999991618E+0001  -5.94882592843533E-0001
 2.23999999991502E+0001  -2.41889952761630E+0000
 2.24499999991385E+0001  -3.85631996800657E+0000
 2.24999999991269E+0001  -5.43656155475037E+0000
 2.25499999991152E+0001  -6.42513142024109E+0000
 2.25999999991036E+0001  -7.13144137614290E+0000
 2.26499999990920E+0001  -7.20577764757763E+0000
 2.26999999990803E+0001  -6.95419377724465E+0000
 2.27499999990687E+0001  -6.26230547603336E+0000
 2.27999999990570E+0001  -4.46370964177913E+0000
 2.28499999990454E+0001  -2.08020921720890E+0000
 2.28999999990338E+0001   5.29735881724264E-0001
 2.29499999990221E+0001   2.63188591644939E+0000
 2.29999999990105E+0001   4.39250041627383E+0000
 2.30499999989988E+0001   5.82939155680651E+0000
 2.30999999989872E+0001   6.98506280344009E+0000
 2.31499999989755E+0001   7.90499159695901E+0000
 2.31999999989639E+0001   8.05723493554979E+0000
 2.32499999989523E+0001   7.42540997155447E+0000
 2.32999999989406E+0001   5.89976383761677E+0000
 2.33499999989290E+0001   3.76043600494449E+0000
 2.33999999989173E+0001   2.07941170267804E+0000
 2.34499999989057E+0001  -4.18565206096901E-0001
 2.34999999988941E+0001  -3.19295768405209E+0000
 2.35499999988824E+0001  -6.17998266063660E+0000
 2.35999999988708E+0001  -8.69189821953478E+0000
 2.36499999988591E+0001  -1.04094445703668E+0001
 2.36999999988475E+0001  -1.08118882410927E+0001
 2.37499999988358E+0001  -1.01826715845382E+0001
 2.37999999988242E+0001  -8.41333009998198E+0000
 2.38499999988126E+0001  -5.83580066559080E+0000
 2.38999999988009E+0001  -2.90468044898807E+0000
 2.39499999987893E+0001   9.16416510049203E-0002
 2.39999999987776E+0001   2.64390419512347E+0000
 2.40499999987660E+0001   4.73505836931145E+0000
 2.40999999987544E+0001   6.26195200125221E+0000
 2.41499999987427E+0001   6.50885772845504E+0000
 2.41999999987311E+0001   6.27867818936647E+0000
 2.42499999987194E+0001   5.32036356314347E+0000
 2.42999999987078E+0001   3.16441497699998E+0000
 2.43499999986961E+0001   6.32191309705377E-0001
 2.43999999986845E+0001  -2.13445529915771E+0000
 2.44499999986729E+0001  -4.52112553222105E+0000
 2.44999999986612E+0001  -6.13781168990681E+0000
 2.45499999986496E+0001  -7.52749407231022E+0000
 2.45999999986379E+0001  -8.01406662292720E+0000
 2.46499999986263E+0001  -7.58458666501247E+0000
 2.46999999986147E+0001  -6.86905132955144E+0000
 2.47499999986030E+0001  -5.87887677034450E+0000
 2.47999999985914E+0001  -4.42091225896729E+0000
 2.48499999985797E+0001  -2.26938046782379E+0000
 2.48999999985681E+0001   5.18439475698870E-0001
 2.49499999985565E+0001   3.19217045401092E+0000
 2.49999999985448E+0001   4.89811235094385E+0000
 2.50499999985332E+0001   6.03500274038379E+0000
 2.50999999985215E+0001   6.90982802331564E+0000
 2.51499999985099E+0001   6.30178665682615E+0000
 2.51999999984982E+0001   4.96344133010280E+0000
 2.52499999984866E+0001   3.54442287551501E+0000
 2.52999999984750E+0001   1.62098039005468E+0000
 2.53499999984633E+0001  -1.11410069642443E+0000
 2.53999999984517E+0001  -3.34061339663822E+0000
 2.54499999984400E+0001  -4.47917902302288E+0000
 2.54999999984284E+0001  -4.71117831330776E+0000
 2.55499999984168E+0001  -4.18864661084081E+0000
 2.55999999984051E+0001  -3.79804090344624E+0000
 2.56499999983935E+0001  -3.61636399319832E+0000
 2.56999999983818E+0001  -2.95888506232222E+0000
 2.57499999983702E+0001  -1.62943702230223E+0000
 2.57999999983585E+0001   2.22014190065238E-0001
 2.58499999983469E+0001   2.34136499437591E+0000
 2.58999999983353E+0001   3.74586333770640E+0000
 2.59499999983236E+0001   4.50055958806479E+0000
 2.59999999983120E+0001   4.93197879750369E+0000
 2.60499999983003E+0001   4.81214015386649E+0000
 2.60999999982887E+0001   4.16479415487265E+0000
 2.61499999982771E+0001   3.10597508213323E+0000
 2.61999999982654E+0001   2.55469073011773E+0000
 2.62499999982538E+0001   1.33475383657242E+0000
 2.62999999982421E+0001  -2.91739384978428E-0001
 2.63499999982305E+0001  -2.15236931586696E+0000
 2.63999999982188E+0001  -3.66167890391444E+0000
 2.64499999982072E+0001  -5.00403277052101E+0000
 2.64999999981956E+0001  -6.14834660874476E+0000
 2.65499999981839E+0001  -6.15724000997579E+0000
 2.65999999981723E+0001  -5.33689953141584E+0000
 2.66499999981606E+0001  -4.25900633582205E+0000
 2.66999999981490E+0001  -3.74556081352057E+0000
 2.67499999981374E+0001  -2.97778545645269E+0000
 2.67999999981257E+0001  -2.14257394342349E+0000
 2.68499999981141E+0001  -1.83263330010959E+0000
 2.68999999981024E+0001  -1.39602790368372E+0000
 2.69499999980908E+0001  -9.91018149495176E-0001
 2.69999999980791E+0001  -3.13064543735891E-0001
 2.70499999980675E+0001   9.10127533196601E-0002
 2.70999999980559E+0001   6.01913849447556E-0001
 2.71499999980442E+0001   1.03827034956157E+0000
 2.71999999980326E+0001   1.45439303700550E+0000
 2.72499999980209E+0001   2.36089499412628E+0000
 2.72999999980093E+0001   3.71389384126815E+0000
 2.73499999979977E+0001   4.64726614214305E+0000
 2.73999999979860E+0001   5.39377382112434E+0000
 2.74499999979744E+0001   5.84733519056317E+0000
 2.74999999979627E+0001   5.86689375222340E+0000
 2.75499999979511E+0001   5.10069099761313E+0000
 2.75999999979394E+0001   3.89925898054935E+0000
 2.76499999979278E+0001   1.96034333404168E+0000
 2.76999999979162E+0001  -5.44642658777775E-0001
 2.77499999979045E+0001  -3.34706413483582E+0000
 2.77999999978929E+0001  -6.15611111355247E+0000
 2.78499999978812E+0001  -7.81473856005323E+0000
 2.78999999978696E+0001  -8.42467800495797E+0000
 2.79499999978580E+0001  -7.92835590190953E+0000
 2.79999999978463E+0001  -6.56494157859561E+0000
 2.80499999978347E+0001  -4.95453404870204E+0000
 2.80999999978230E+0001  -3.04918810306481E+0000
 2.81499999978114E+0001  -1.30833090103624E+0000
 2.81999999977998E+0001   9.84382967561942E-0001
 2.82499999977881E+0001   3.62611175510028E+0000
 2.82999999977765E+0001   5.17065452181851E+0000
 2.83499999977648E+0001   5.59857112415921E+0000
 2.83999999977532E+0001   5.11382895006682E+0000
 2.84499999977415E+0001   4.22547964744444E+0000
 2.84999999977299E+0001   2.93061732632850E+0000
 2.85499999977183E+0001   1.93067232154135E+0000
 2.85999999977066E+0001   1.05281661262779E+0000
 2.86499999976950E+0001   4.82946195519162E-0001
 2.86999999976833E+0001  -6.20359230147187E-0001
 2.87499999976717E+0001  -2.28387135679441E+0000
 2.87999999976601E+0001  -4.01162899893097E+0000
 2.88499999976484E+0001  -5.32296614738880E+0000
 2.88999999976368E+0001  -5.81848997152701E+0000
 2.89499999976251E+0001  -5.60263941831363E+0000
 2.89999999976135E+0001  -5.59002441756456E+0000
 2.90499999976018E+0001  -4.82333187103359E+0000
 2.90999999975902E+0001  -4.13064599024801E+0000
 2.91499999975786E+0001  -3.99376915906032E+0000
 2.91999999975669E+0001  -3.49661576402286E+0000
 2.92499999975553E+0001  -2.77090353299354E+0000
 2.92999999975436E+0001  -1.82173245427293E+0000
 2.93499999975320E+0001  -8.32441080927310E-0001
 2.93999999975204E+0001   1.64196092631300E-0001
 2.94499999975087E+0001   1.28627565574607E+0000
 2.94999999974971E+0001   2.00680835362073E+0000
 2.95499999974854E+0001   2.12305642354841E+0000
 2.95999999974738E+0001   1.96490659795199E+0000
 2.96499999974621E+0001   1.34084715077915E+0000
 2.96999999974505E+0001   5.13804489863105E-0001
 2.97499999974389E+0001  -5.97281232210662E-0001
 2.97999999974272E+0001  -1.35668373325643E+0000
 2.98499999974156E+0001  -2.26944442130480E+0000
 2.98999999974039E+0001  -3.67928129855136E+0000
 2.99499999973923E+0001  -5.08310304123734E+0000
 2.99999999973807E+0001  -6.11254645053123E+0000
 3.00499999973690E+0001  -6.33643805683096E+0000
 3.00999999973574E+0001  -6.16513114570262E+0000
 3.01499999973457E+0001  -5.63377690351626E+0000
 3.01999999973341E+0001  -4.51433805077977E+0000
 3.02499999973224E+0001  -2.76103567583050E+0000
 3.02999999973108E+0001  -5.92086381479021E-0001
 3.03499999972992E+0001   1.51411296811420E+0000
 3.03999999972875E+0001   3.19345263615469E+0000
 3.04499999972759E+0001   4.65727314801188E+0000
 3.04999999972642E+0001   5.70185114885680E+0000
 3.05499999972526E+0001   6.40432261738169E+0000
 3.05999999972410E+0001   6.83214438163850E+0000
 3.06499999972293E+0001   6.83659759708826E+0000
 3.06999999972177E+0001   6.72575418566703E+0000
 3.07499999972060E+0001   6.26548076685140E+0000
 3.07999999971944E+0001   5.07710970449261E+0000
 3.08499999971827E+0001   3.81627647041023E+0000
 3.08999999971711E+0001   2.29411419776443E+0000
 3.09499999971595E+0001   8.88085531350043E-0001
 3.09999999971478E+0001  -5.00260512882051E-0001
 3.10499999971362E+0001  -1.54669150991322E+0000
 3.10999999971245E+0001  -2.51699539696347E+0000
 3.11499999971129E+0001  -3.33388043602099E+0000
 3.11999999971013E+0001  -3.50944481974875E+0000
 3.12499999970896E+0001  -3.02060339060336E+0000
 3.12999999970780E+0001  -2.39302682785637E+0000
 3.13499999970663E+0001  -2.01153878604964E+0000
 3.13999999970547E+0001  -8.99866648917850E-0001
 3.14499999970431E+0001   1.01103350561425E+0000
 3.14999999970314E+0001   2.43111009477434E+0000
 3.15499999970198E+0001   3.62712440014002E+0000
 3.15999999970081E+0001   4.96334611631028E+0000
 3.16499999969965E+0001   6.31990535212390E+0000
 3.16999999969848E+0001   7.09128463332308E+0000
 3.17499999969732E+0001   7.31153890564747E+0000
 3.17999999969616E+0001   7.10691344062070E+0000
 3.18499999969499E+0001   6.23562190718803E+0000
 3.18999999969383E+0001   4.15780438295769E+0000
 3.19499999969266E+0001   1.28212931410962E+0000
 3.19999999969150E+0001  -1.62562981522933E+0000
 3.20499999969034E+0001  -4.90558623150719E+0000
 3.20999999968917E+0001  -7.25697307617520E+0000
 3.21499999968801E+0001  -8.61294838359754E+0000
 3.21999999968684E+0001  -9.54871161293704E+0000
 3.22499999968568E+0001  -9.41201783456199E+0000
 3.22999999968451E+0001  -8.35033879063849E+0000
 3.23499999968335E+0001  -6.15882252018491E+0000
 3.23999999968219E+0001  -3.71382516844460E+0000
 3.24499999968102E+0001  -1.16325243079518E+0000
 3.24999999967986E+0001   1.93175513743336E+0000
 3.25499999967869E+0001   5.16015136525675E+0000
 3.25999999967753E+0001   7.89458197815111E+0000
 3.26499999967637E+0001   9.58081259448954E+0000
 3.26999999967520E+0001   1.06310297202290E+0001
 3.27499999967404E+0001   1.02196946074546E+0001
 3.27999999967287E+0001   8.41674244053138E+0000
 3.28499999967171E+0001   5.69221483494039E+0000
 3.28999999967054E+0001   2.58947215534863E+0000
 3.29499999966938E+0001  -7.72434971179791E-0001
 3.29999999966822E+0001  -3.44518305243400E+0000
 3.30499999966705E+0001  -5.40612649431569E+0000
 3.30999999966589E+0001  -6.75565122171247E+0000
 3.31499999966472E+0001  -7.57582968744100E+0000
 3.31999999966356E+0001  -7.19148247414705E+0000
 3.32499999966240E+0001  -5.47894367533445E+0000
 3.32999999966123E+0001  -2.67204711048907E+0000
 3.33499999966007E+0001   8.35559947903675E-0001
 3.33999999965890E+0001   4.06936500249867E+0000
 3.34499999965774E+0001   6.32262516016635E+0000
 3.34999999965657E+0001   8.01231263845693E+0000
 3.35499999965541E+0001   8.64022020736593E+0000
 3.35999999965425E+0001   8.01903914620925E+0000
 3.36499999965308E+0001   6.87749840578181E+0000
 3.36999999965192E+0001   5.27670277655125E+0000
 3.37499999965075E+0001   3.10433939420909E+0000
 3.37999999964959E+0001   1.76504081041230E-0001
 3.38499999964843E+0001  -2.33678180718198E+0000
 3.38999999964726E+0001  -4.90302282815537E+0000
 3.39499999964610E+0001  -7.50495155601675E+0000
 3.39999999964493E+0001  -9.16598945393343E+0000
 3.40499999964377E+0001  -9.81917851518665E+0000
 3.40999999964260E+0001  -9.50979071625625E+0000
 3.41499999964144E+0001  -7.88035429213051E+0000
 3.41999999964028E+0001  -5.65203263060539E+0000
 3.42499999963911E+0001  -2.83561265562457E+0000
 3.42999999963795E+0001   2.65009140138943E-0002
 3.43499999963678E+0001   3.33093668156653E+0000
 3.43999999963562E+0001   5.89670269671478E+0000
 3.44499999963446E+0001   7.79645520437771E+0000
 3.44999999963329E+0001   8.85717146305251E+0000
 3.45499999963213E+0001   9.26288609855692E+0000
 3.45999999963096E+0001   8.51508244281285E+0000
 3.46499999962980E+0001   7.98067776403332E+0000
 3.46999999962864E+0001   6.75932788955834E+0000
 3.47499999962747E+0001   4.90121643726889E+0000
 3.47999999962631E+0001   2.81155086062063E+0000
 3.48499999962514E+0001   5.45137760273064E-0001
 3.48999999962398E+0001  -1.37352912850474E+0000
 3.49499999962281E+0001  -3.50782431322659E+0000
 3.49999999962165E+0001  -5.94545623088197E+0000
 3.50499999962049E+0001  -7.85988302856276E+0000
 3.50999999961932E+0001  -9.38236710864294E+0000
 3.51499999961816E+0001  -9.56152637541527E+0000
 3.51999999961699E+0001  -8.33467553774244E+0000
 3.52499999961583E+0001  -6.17413391289301E+0000
 3.52999999961467E+0001  -3.28747579300398E+0000
 3.53499999961350E+0001  -6.57207887988989E-0001
 3.53999999961234E+0001   2.36194352212988E+0000
 3.54499999961117E+0001   5.01317509270302E+0000
 3.54999999961001E+0001   7.63293928815256E+0000
 3.55499999960884E+0001   9.41315631811449E+0000
 3.55999999960768E+0001   1.02801675520313E+0001
 3.56499999960652E+0001   1.05089595551253E+0001
 3.56999999960535E+0001   9.85325232867035E+0000
 3.57499999960419E+0001   7.91915685041022E+0000
 3.57999999960302E+0001   4.93713866455801E+0000
 3.58499999960186E+0001   1.31061731129921E+0000
 3.58999999960070E+0001  -2.56262325553689E+0000
 3.59499999959953E+0001  -5.99675702705281E+0000
 3.59999999959837E+0001  -8.37826109091111E+0000
 3.60499999959720E+0001  -9.72185628261650E+0000
 3.60999999959604E+0001  -1.08540839486668E+0001
 3.61499999959487E+0001  -1.10951374356955E+0001
 3.61999999959371E+0001  -1.04448319892108E+0001
 3.62499999959255E+0001  -8.76926918931713E+0000
 3.62999999959138E+0001  -5.91027162395767E+0000
 3.63499999959022E+0001  -2.12294992656825E+0000
 3.63999999958905E+0001   2.01927953433915E+0000
 3.64499999958789E+0001   6.11954817272635E+0000
 3.64999999958673E+0001   9.52663643285632E+0000
 3.65499999958556E+0001   1.18965532152506E+0001
 3.65999999958440E+0001   1.36631564243580E+0001
 3.66499999958323E+0001   1.42985952852760E+0001
 3.66999999958207E+0001   1.36946425184578E+0001
 3.67499999958090E+0001   1.25397449402953E+0001
 3.67999999957974E+0001   1.05495623582683E+0001
 3.68499999957858E+0001   7.67323448477691E+0000
 3.68999999957741E+0001   4.24442750486924E+0000
 3.69499999957625E+0001   6.92873863345085E-0001
 3.69999999957508E+0001  -2.32020099958027E+0000
 3.70499999957392E+0001  -4.05839126716455E+0000
 3.70999999957276E+0001  -5.14603746075591E+0000
 3.71499999957159E+0001  -6.33700835596392E+0000
 3.71999999957043E+0001  -7.61858519847738E+0000
 3.72499999956926E+0001  -8.28427736279264E+0000
 3.72999999956810E+0001  -8.01091306695889E+0000
 3.73499999956694E+0001  -7.02256529028091E+0000
 3.73999999956577E+0001  -4.72264349574107E+0000
 3.74499999956461E+0001  -1.65305823269409E+0000
 3.74999999956344E+0001   1.46615057175950E+0000
 3.75499999956228E+0001   4.34663951567927E+0000
 3.75999999956111E+0001   6.65794115608151E+0000
 3.76499999955995E+0001   8.44552411198674E+0000
 3.76999999955879E+0001   9.42478541376477E+0000
 3.77499999955762E+0001   9.28810505954607E+0000
 3.77999999955646E+0001   8.27869392375578E+0000
 3.78499999955529E+0001   6.80721933527093E+0000
 3.78999999955413E+0001   5.22105042060139E+0000
 3.79499999955297E+0001   2.58475306262335E+0000
 3.79999999955180E+0001  -9.55068643012282E-0002
 3.80499999955064E+0001  -2.56399605183469E+0000
 3.80999999954947E+0001  -4.51208260178100E+0000
 3.81499999954831E+0001  -6.22559884510702E+0000
 3.81999999954714E+0001  -7.18657429335144E+0000
 3.82499999954598E+0001  -7.03550588189682E+0000
 3.82999999954482E+0001  -6.48289368794940E+0000
 3.83499999954365E+0001  -5.61213876956026E+0000
 3.83999999954249E+0001  -3.83898387465160E+0000
 3.84499999954132E+0001  -1.68784575967038E+0000
 3.84999999954016E+0001  -1.40388477924944E-0001
 3.85499999953900E+0001   1.61273084949607E+0000
 3.85999999953783E+0001   3.37817721498504E+0000
 3.86499999953667E+0001   4.41091419372242E+0000
 3.86999999953550E+0001   4.69337890544557E+0000
 3.87499999953434E+0001   4.06559002215363E+0000
 3.87999999953317E+0001   3.23703567380289E+0000
 3.88499999953201E+0001   2.73882050934844E+0000
 3.88999999953085E+0001   2.18433290023313E+0000
 3.89499999952968E+0001   1.01379579679633E+0000
 3.89999999952852E+0001  -2.54507203876074E-0001
 3.90499999952735E+0001  -1.65988715743151E+0000
 3.90999999952619E+0001  -3.02309097865509E+0000
 3.91499999952503E+0001  -4.03442366164381E+0000
 3.91999999952386E+0001  -4.39342474888690E+0000
 3.92499999952270E+0001  -4.79703027327923E+0000
 3.92999999952153E+0001  -4.58244513959653E+0000
 3.93499999952037E+0001  -4.08536922703206E+0000
 3.93999999951920E+0001  -3.25182569675235E+0000
 3.94499999951804E+0001  -2.15682410604131E+0000
 3.94999999951688E+0001  -5.60285096489679E-0001
 3.95499999951571E+0001   1.24369008626672E+0000
 3.95999999951455E+0001   2.70929291007997E+0000
 3.96499999951338E+0001   3.41328138409517E+0000
 3.96999999951222E+0001   3.46711246079940E+0000
 3.97499999951106E+0001   3.15731526987292E+0000
 3.97999999950989E+0001   2.41059945307279E+0000
 3.98499999950873E+0001   2.16570329647948E+0000
 3.98999999950756E+0001   2.19435240720850E+0000
 3.99499999950640E+0001   2.71313282968549E+0000
 3.99999999950523E+0001   3.68705714814496E+0000
 4.00499999950407E+0001   4.50782588506991E+0000
 4.00999999950291E+0001   5.70775401367428E+0000
 4.01499999950174E+0001   6.36153311442467E+0000
 4.01999999950058E+0001   6.40458073757327E+0000
 4.02499999949941E+0001   5.69874166467343E+0000
 4.02999999949825E+0001   4.87322305882117E+0000
 4.03499999949709E+0001   3.62696202346342E+0000
 4.03999999949592E+0001   2.05797813836034E+0000
 4.04499999949476E+0001   4.04219498798739E-0001
 4.04999999949359E+0001  -2.27044338415726E+0000
 4.05499999949243E+0001  -5.09121716926165E+0000
 4.05999999949127E+0001  -8.09686451057496E+0000
 4.06499999949010E+0001  -1.04663647114794E+0001
 4.06999999948894E+0001  -1.16072902487795E+0001
 4.07499999948777E+0001  -1.19441559502447E+0001
 4.07999999948661E+0001  -1.10196262802638E+0001
 4.08499999948544E+0001  -9.13264201533457E+0000
 4.08999999948428E+0001  -6.43458023644052E+0000
 4.09499999948312E+0001  -2.76038663734653E+0000
 4.09999999948195E+0001   1.35422125336663E+0000
 4.10499999948079E+0001   5.17246097487077E+0000
 4.10999999947962E+0001   8.16516177727317E+0000
 4.11499999947846E+0001   1.02616626587114E+0001
 4.11999999947730E+0001   1.19227975701942E+0001
 4.12499999947613E+0001   1.24397123691160E+0001
 4.12999999947497E+0001   1.22359134202125E+0001
 4.13499999947380E+0001   1.10140240292385E+0001
 4.13999999947264E+0001   8.46234772085154E+0000
 4.14499999947147E+0001   5.14633939321357E+0000
 4.14999999947031E+0001   1.24322371798371E+0000
 4.15499999946915E+0001  -2.81566200627276E+0000
 4.15999999946798E+0001  -5.82336854413734E+0000
 4.16499999946682E+0001  -8.34878405094787E+0000
 4.16999999946565E+0001  -1.00418958636583E+0001
 4.17499999946449E+0001  -1.07527978972066E+0001
 4.17999999946333E+0001  -1.07965048523620E+0001
 4.18499999946216E+0001  -1.04612703339517E+0001
 4.18999999946100E+0001  -8.81627571881108E+0000
 4.19499999945983E+0001  -6.04958835845900E+0000
 4.19999999945867E+0001  -2.79307668634283E+0000
 4.20499999945750E+0001   1.17649487019844E+0000
 4.20999999945634E+0001   5.64294026835705E+0000
 4.21499999945518E+0001   9.61882312693342E+0000
 4.21999999945401E+0001   1.31715821078687E+0001
 4.22499999945285E+0001   1.61530443201191E+0001
 4.22999999945168E+0001   1.78471639502095E+0001
 4.23499999945052E+0001   1.76459906641685E+0001
 4.23999999944936E+0001   1.56493021264614E+0001
 4.24499999944819E+0001   1.19164423886687E+0001
 4.24999999944703E+0001   6.22537882762117E+0000
 4.25499999944586E+0001  -4.39447570487118E-0001
 4.25999999944470E+0001  -6.85819188920141E+0000
 4.26499999944353E+0001  -1.26617891969217E+0001
 4.26999999944237E+0001  -1.75867421864532E+0001
 4.27499999944121E+0001  -2.09346954521898E+0001
 4.27999999944004E+0001  -2.27219593213522E+0001
 4.28499999943888E+0001  -2.23059692594979E+0001
 4.28999999943771E+0001  -2.02233371810580E+0001
 4.29499999943655E+0001  -1.61050513153314E+0001
 4.29999999943539E+0001  -1.07748107365187E+0001
 4.30499999943422E+0001  -4.62624025659170E+0000
 4.30999999943306E+0001   1.45382890422479E+0000
 4.31499999943189E+0001   7.26032798579399E+0000
 4.31999999943073E+0001   1.21050253413996E+0001
 4.32499999942956E+0001   1.56358572571335E+0001
 4.32999999942840E+0001   1.72822931165574E+0001
 4.33499999942724E+0001   1.68319210725895E+0001
 4.33999999942607E+0001   1.53001143656002E+0001
 4.34499999942491E+0001   1.23324248170684E+0001
 4.34999999942374E+0001   8.07731352711562E+0000
 4.35499999942258E+0001   3.55092995063387E+0000
 4.35999999942142E+0001  -1.48092733608610E+0000
 4.36499999942025E+0001  -6.15876795226359E+0000
 4.36999999941909E+0001  -9.76961202223902E+0000
 4.37499999941792E+0001  -1.16184555938380E+0001
 4.37999999941676E+0001  -1.15880140818917E+0001
 4.38499999941560E+0001  -1.02607749876915E+0001
 4.38999999941443E+0001  -7.94536438113573E+0000
 4.39499999941327E+0001  -4.71954593864211E+0000
 4.39999999941210E+0001  -9.66847070519179E-0001
 4.40499999941094E+0001   2.97274796624333E+0000
 4.40999999940977E+0001   6.87642515847256E+0000
 4.41499999940861E+0001   1.00110059588769E+0001
 4.41999999940745E+0001   1.25563380755921E+0001
 4.42499999940628E+0001   1.40489823255630E+0001
 4.42999999940512E+0001   1.39544173851609E+0001
 4.43499999940395E+0001   1.21166027556319E+0001
 4.43999999940279E+0001   9.20947633967444E+0000
 4.44499999940163E+0001   5.58449627527443E+0000
 4.44999999940046E+0001   2.07407545777460E+0000
 4.45499999939930E+0001  -1.66413698137876E+0000
 4.45999999939813E+0001  -5.53064677809016E+0000
 4.46499999939697E+0001  -9.19547334383242E+0000
 4.46999999939580E+0001  -1.17401236052538E+0001
 4.47499999939464E+0001  -1.33800331733946E+0001
 4.47999999939348E+0001  -1.38652234282199E+0001
 4.48499999939231E+0001  -1.26099340669316E+0001
 4.48999999939115E+0001  -9.90309676421748E+0000
 4.49499999938998E+0001  -6.39512605472555E+0000
 4.49999999938882E+0001  -2.16617706159741E+0000
 4.50499999938766E+0001   2.23581741050657E+0000
 4.50999999938649E+0001   6.44925505950232E+0000
 4.51499999938533E+0001   1.04257979741669E+0001
 4.51999999938416E+0001   1.36873816208827E+0001
 4.52499999938300E+0001   1.58385847758618E+0001
 4.52999999938183E+0001   1.65247611542582E+0001
 4.53499999938067E+0001   1.50529033868661E+0001
 4.53999999937951E+0001   1.21159227486351E+0001
 4.54499999937834E+0001   8.24730741721578E+0000
 4.54999999937718E+0001   3.20738798189632E+0000
 4.55499999937601E+0001  -2.09068296907935E+0000
 4.55999999937485E+0001  -7.15516486598790E+0000
 4.56499999937369E+0001  -1.14866900940979E+0001
 4.56999999937252E+0001  -1.48411750648520E+0001
 4.57499999937136E+0001  -1.73453805995814E+0001
 4.57999999937019E+0001  -1.89692275281122E+0001
 4.58499999936903E+0001  -1.92043097761052E+0001
 4.58999999936786E+0001  -1.76390003148990E+0001
 4.59499999936670E+0001  -1.42361872572510E+0001
 4.59999999936554E+0001  -9.44477300364815E+0000
 4.60499999936437E+0001  -3.75112148333574E+0000
 4.60999999936321E+0001   2.19374859630989E+0000
 4.61499999936204E+0001   7.72191585566907E+0000
 4.61999999936088E+0001   1.22893606665457E+0001
 4.62499999935972E+0001   1.62160648263234E+0001
 4.62999999935855E+0001   1.87757311107125E+0001
 4.63499999935739E+0001   1.95270087870304E+0001
 4.63999999935622E+0001   1.86728740898834E+0001
 4.64499999935506E+0001   1.62209809996129E+0001
 4.64999999935389E+0001   1.28064475388965E+0001
 4.65499999935273E+0001   8.20459558611037E+0000
 4.65999999935157E+0001   2.61880536294848E+0000
 4.66499999935040E+0001  -3.34659387555803E+0000
 4.66999999934924E+0001  -8.53389744047308E+0000
 4.67499999934807E+0001  -1.29910424136615E+0001
 4.67999999934691E+0001  -1.65215467068774E+0001
 4.68499999934575E+0001  -1.83385821984557E+0001
 4.68999999934458E+0001  -1.88904874805303E+0001
 4.69499999934342E+0001  -1.75309206045640E+0001
 4.69999999934225E+0001  -1.42237879454769E+0001
 4.70499999934109E+0001  -9.64537535012641E+0000
 4.70999999933993E+0001  -4.20911793733831E+0000
 4.71499999933876E+0001   1.81671246772385E+0000
 4.71999999933760E+0001   7.47151631206361E+0000
 4.72499999933643E+0001   1.29317038459121E+0001
 4.72999999933527E+0001   1.70372338960588E+0001
 4.73499999933410E+0001   1.90406023905671E+0001
 4.73999999933294E+0001   1.88191309944959E+0001
 4.74499999933178E+0001   1.69933680520626E+0001
 4.74999999933061E+0001   1.37706262985012E+0001
 4.75499999932945E+0001   8.68001281052420E+0000
 4.75999999932828E+0001   2.81382128814948E+0000
 4.76499999932712E+0001  -3.84050575167566E+0000
 4.76999999932596E+0001  -1.04914198532642E+0001
 4.77499999932479E+0001  -1.64711064245203E+0001
 4.77999999932363E+0001  -2.06441166316508E+0001
 4.78499999932246E+0001  -2.32453622779285E+0001
 4.78999999932130E+0001  -2.35122940614237E+0001
 4.79499999932013E+0001  -2.15167025219125E+0001
 4.79999999931897E+0001  -1.67446758293372E+0001
 4.80499999931781E+0001  -1.01879668604670E+0001
 4.80999999931664E+0001  -2.94097096011319E+0000
 4.81499999931548E+0001   4.44963860510325E+0000
 4.81999999931431E+0001   1.20455046928691E+0001
 4.82499999931315E+0001   1.83771047541522E+0001
 4.82999999931199E+0001   2.25408137751219E+0001
 4.83499999931082E+0001   2.44122657173139E+0001
 4.83999999930966E+0001   2.41820751560736E+0001
 4.84499999930849E+0001   2.19888221030997E+0001
 4.84999999930733E+0001   1.77899003338534E+0001
 4.85499999930616E+0001   1.19971764990478E+0001
 4.85999999930500E+0001   4.97696289760643E+0000
 4.86499999930384E+0001  -2.55551537299471E+0000
 4.86999999930267E+0001  -9.96435166720767E+0000
 4.87499999930151E+0001  -1.60720513287815E+0001
 4.87999999930034E+0001  -2.06643743584282E+0001
 4.88499999929918E+0001  -2.31116289477213E+0001
 4.88999999929802E+0001  -2.35970236663125E+0001
 4.89499999929685E+0001  -2.21711304143537E+0001
 4.89999999929569E+0001  -1.92175556809234E+0001
 4.90499999929452E+0001  -1.39466664358915E+0001
 4.90999999929336E+0001  -6.80126546246902E+0000
 4.91499999929219E+0001   1.09372335341322E+0000
 4.91999999929103E+0001   9.36881069031369E+0000
 4.92499999928987E+0001   1.68390998366522E+0001
 4.92999999928870E+0001   2.27665052636876E+0001
 4.93499999928754E+0001   2.64511371045664E+0001
 4.93999999928637E+0001   2.71188727434201E+0001
 4.94499999928521E+0001   2.55096343687619E+0001
 4.94999999928405E+0001   2.09710701918229E+0001
 4.95499999928288E+0001   1.48344865259860E+0001
 4.95999999928172E+0001   8.50490877813718E+0000
 4.96499999928055E+0001   1.55178040584178E+0000
 4.96999999927939E+0001  -5.53485544723662E+0000
 4.97499999927823E+0001  -1.19998398375465E+0001
 4.97999999927706E+0001  -1.75925658402266E+0001
 4.98499999927590E+0001  -2.16366671267024E+0001
 4.98999999927473E+0001  -2.39914683574170E+0001
 4.99499999927357E+0001  -2.37116806945705E+0001
 4.99999999927240E+0001  -2.08928626786801E+0001
